"G1","G2","G3","G4","G5","G6","G7","G8","G9","G10","G11","G12","G13","G14","G15","G16","G17","G18","G19","G20","G21","G22","G23","G24","G25","G26","G27","G28","G29","G30","G31","G32","G33","G34","G35","G36","G37","G38","G39","G40","G41","G42","G43","G44","G45","G46","G47","G48","G49","G50"
"3046",0.6653774,0.6646101,0.6673493,0.5482777,0.6306002,0.6284529,0.55057,0.6733333,0.6264437,0.6532832,0.7008702,0.0870691,0.0935881,0.6964451,0.4924181,0,0.6687049,0.8419848,0.6936064,0.0005511,0,0,0.6530535,0.6436827,0.1011306,0,0.5418101,0.7219685,0,0.5967352,0,0.5223487,0.5336381,0.2576792,0,0.021161,0.3754589,0.1847558,0.2765604,0.2988764,0.2360969,0.4305925,0.2984357,0.6232164,0,0.0011878,0.5716467,0.6369419,0.6516901,0.8121137
"3048",0.7071999,0,0.6600075,0.4140279,0.5519597,0.6432255,0.6971009,0.6411809,0,0.5192889,0.5920233,0.0714692,0.1075509,0,0,0.0053502,0.6927592,0.6019384,0,0.0006171,0.5569129,0.2169391,0,0.6760061,0.001611,0.0446227,0,0.3969638,0,0.7450721,0.6387297,0.689523,0,0,0.4571396,0,0.3829445,0,0.3011128,0.4312255,0,0,0.3637126,0,0,0.0046344,0,0,0.6986429,0.7225938
"3050",0.7173014,0,0.552385,0,0.6165728,0.5168399,0.5801297,0,0,0.4773514,0,0.0798275,0.1079909,0.6276211,0,0.00313,0.6600025,0.6358098,0.6281921,0.0004229,0,0.1735254,0.1637285,0.5245761,0,0.1758168,0,0.5108912,0.3214096,0.6436401,0.6390307,0.6349127,0,0.0093243,0.5864107,0.2619906,0.3602979,0.1262476,0.3388741,0.4288492,0.3101412,0.3727477,0.2312534,0.5343501,0,0.0043572,0.5778756,0,0.7023901,0.6491176
"3052",0.5952031,0,0,0,0.7616994,0,0.6386957,0.6209738,0.6616581,0,0.5759904,0.0757887,0,0,0.4978024,0,0.7000292,0.6374365,0.5626951,0.0064925,0.2406011,0.2001984,0.1281436,0.5631199,0.0002277,0.277227,0.0278673,0.4917319,0,0.6727375,0.6429825,0.5777252,0,0.0062503,0.5472066,0.1942202,0.2731313,0,0.3538359,0.4678379,0.3234985,0.4274508,0,0.5058693,0,0.007611,0.5776668,0.5412542,0.6526878,0.6764353
"3054",0,0.5694461,0.5957547,0,0.7293895,0.4538439,0.7453307,0,0,0.4382246,0,0.0661867,0.1456867,0.7029636,0.4164318,0.000255,0,0.6771722,0.5404799,0,0.2784199,0.3548382,0,0.7067134,0.0004861,0.3082398,0.0307564,0.3518257,0,0,0.5947075,0.5961782,0.0986978,0.0012184,0.5670845,0.2732419,0.3654004,0,0.3237511,0.4263136,0.3225275,0.3430921,0.3427585,0.6623097,0,0.0066572,0,0.6528039,0.6536877,0
"3056",0.634203,0.6547766,0.7627379,0,0.5499656,0,0.6008375,0.6353205,0.6310328,0,0,0.0840074,0.1129927,0.6294217,0,0,0,0,0.5887806,0.0007229,0,0.2681624,0,0,0,0.3875673,0,0,0.3578022,0,0.675384,0.6739059,0.0903653,0,0.4956353,0.1442586,0.3477883,0,0.4822834,0.3732006,0.3965147,0.4404044,0.2946671,0.5272357,0.4412138,0.0010486,0,0,0,0.6595379
"3058",0.5246645,0.6430921,0.4723454,0.6367011,0.6291388,0,0.5521832,0,0,0,0.6022149,0.0407853,0,0.5915804,0,0,0.656053,0.6214582,0.8268797,0.0013738,0,0.0492341,0.7611471,0.7111094,0.0563533,0.0940488,0.40349,0.6934509,0.5802279,0,0.6584826,0.5921754,0.2329862,0.0060234,0.5239727,0.0265596,0.364922,0.1498634,0.3038716,0,0.2990065,0.4571252,0,0.7440317,0.697447,0.0008466,0.6500082,0.6318041,0,0.7583115
"3060",0.6517859,0.5870056,0.6499831,0.6832045,0.6127001,0.6361515,0.6488783,0.5580502,0,0.6849409,0,0.0745695,0.1287479,0.581862,0.5597805,0,0.6909196,0.5981126,0.6327857,0.0002552,0.6284823,0.0283198,0.6296441,0,0.1033984,0,0,0.6769259,0,0.6816943,0.6250632,0.6315704,0,0,0.2004715,0.0302327,0.3981687,0.1493051,0.3998323,0.4129101,0.3350721,0.4757937,0,0.6888322,0.7343427,0.002995,0.595437,0,0,0.6926167
"3062",0.7297035,0.6206206,0.7283355,0.7535424,0.6833461,0.6666728,0.5337455,0.6613784,0.5504848,0.5857346,0.6378025,0.0716301,0.1383442,0,0.5106008,0,0.5965504,0,0.6293238,0.0003077,0.7687564,0,0.7419781,0.6363643,0.138064,0.0397849,0.6813864,0.6639277,0.4875153,0.6546982,0.6117421,0.6319798,0.5558312,0.3038018,0.0399289,0.0542637,0,0.2254523,0,0.2843863,0.3922034,0,0.3077868,0.5056673,0.7037618,0.0062711,0.5888225,0.555993,0.5831075,0
"3064",0.7850025,0.6364477,0.6341507,0.5938568,0.6622215,0.6754113,0.5442471,0.6372603,0.6104366,0.6161575,0,0.1250766,0.1158244,0,0.630922,0.0007807,0.7152044,0.6943139,0.5845587,6e-07,0.7063765,0,0.6508506,0.6321236,0.0844392,0.0449514,0.5149269,0,0,0,0.6888854,0.4869208,0.5861034,0.315343,0.0497053,0,0.4646961,0.1854307,0.2087228,0.2989849,0.2326634,0.3406602,0.3881575,0.6943182,0,0.0229073,0.6155402,0,0.5909202,0
"4537",0.7432015,0.6501001,0,0.7005919,0.6074924,0.5963793,0.4527059,0.6524208,0.6028895,0.511363,0.6850661,0.0690076,0.0673861,0.6422356,0.5756882,0.0029133,0.6831086,0.6941955,0,0.0013593,0.6019468,0,0.677748,0.6169109,0.0937929,0.0500291,0.5801496,0.7620545,0.5693336,0,0,0.616054,0.6057587,0.2123343,0.0691695,0.0343215,0.424304,0.1936708,0.2729247,0.3637837,0,0.3717623,0.312829,0.7089679,0.7077901,0.0063797,0.6499238,0.5003271,0.5376536,0.7248373
"4539",0,0.6709454,0.7000391,0.5316065,0.6299253,0.6601855,0.6233304,0,0.6077592,0.4899004,0.6945763,0,0,0.7005311,0,0.0013051,0,0.6400913,0.3337838,0.0005304,0,0.1053089,0,0.6718213,0,0.1477212,0.3850393,0.7373937,0.6307464,0.5549296,0,0.5952645,0.4946465,0,0.4310834,0.0345443,0.5280102,0,0.3332336,0.3572782,0,0,0.3288518,0.6335413,0.7584021,0.0066705,0,0,0.663025,0.6875424
"4541",0.2854025,0,0.6145498,0.5714733,0,0,0.5949304,0,0.6615133,0,0,0.0443731,0.1081827,0,0.5210474,0,0,0.6916156,0.4596032,0.0001468,0,0.2784611,0.0021963,0.6683267,0.0531261,0.4740429,0.1710023,0.611743,0.6445748,0,0.7595524,0.7154699,0,0,0.5244127,0.2360378,0.5683318,0.1006068,0.2898359,0.3432933,0.3251139,0.1047212,0.3240392,0.5516372,0.6457277,0,0.6951765,0,0.6734362,0.6704277
"4543",0,0.6980535,0.6384912,0,0,0,0.5809511,0,0.6065436,0.5553043,0.6410622,0.1142872,0.1048367,0.6790449,0.6080137,0,0.7289984,0.7472889,0,0.0002038,0,0.6357528,0,0.5657845,0.088689,0.6217162,0.1392056,0.7157893,0.5602387,0.0904859,0.7519672,0.6553439,0.2139663,0,0.4809019,0.2039987,0,0.1055864,0.4255191,0.4157033,0,0,0,0,0.6613406,0,0.6119583,0.0736772,0.6459907,0.7102638
"4545",0.2829967,0.6368583,0,0.611203,0.5602555,0.6048203,0.6374126,0.6002154,0.7183796,0,0.5923086,0.0398139,0.0762788,0.7856919,0,0.0013229,0.6632602,0.6563958,0,0,0.0027568,0.6131611,0,0.6196612,0,0.64356,0,0.5810145,0.6407917,0.0430037,0.7165203,0.630949,0,0.0094494,0.585235,0.240814,0.1423353,0.0890778,0.4536853,0.3669036,0.4083183,0,0,0.3038669,0.6782544,0.0061817,0,0,0.6977614,0.7134325
"4547",0,0,0.5091785,0.5512902,0.6525972,0.6908463,0.5702407,0.6354163,0.6312302,0,0,0.0699578,0.1055073,0,0.518181,2.09e-05,0,0,0.3632069,0.0005365,0.001189,0.6236724,0,0.8324506,0.0524002,0.563036,0,0.584489,0.7536533,0,0.6217974,0.6111591,0,0.0012287,0.5991603,0.2479253,0.1837245,0.0970367,0.3328441,0.428305,0.3721687,0,0.2210174,0,0.6990216,0.0073253,0.5800707,0,0.5774775,0.7281362
"4549",0.6184111,0.692853,0,0.6146954,0.6898172,0.5643966,0.4321576,0.633827,0.708022,0.55128,0,0.0870413,0.1105481,0.6916424,0.5386431,0.0035024,0,0.7327427,0.5924037,0.0004309,0.5026187,0.2592357,0.6511485,0,0,0.1653095,0.3268077,0.6481929,0.751515,0.7353043,0.7215236,0.5953515,0.1193527,0,0.6239564,0.0642622,0,0,0.3585018,0.4851353,0.3134831,0.4080831,0,0.4160647,0,0.0017714,0.7782337,0,0,0
"4551",0.5712035,0.5906046,0,0,0.6348369,0,0.5972681,0.5877874,0.5265577,0,0.553307,0.0720515,0.1145327,0,0.5453827,0,0.6138888,0.6872308,0.6272086,3.2e-06,0.5822138,0.0453381,0.7411335,0.7035178,0,0.0278603,0,0.727405,0.7707851,0.6918296,0.739313,0.5537501,0.3400765,0.0024877,0.6682996,0,0,0,0.3781984,0.516009,0.3475009,0.4872303,0,0,0.7386819,0.0092355,0.6315522,0.5964601,0.5349274,0.6136195
"4553",0.7377721,0.5525502,0.6223214,0.7042643,0.6919699,0.6503184,0.5798529,0,0.6310185,0.5406365,0.6616162,0.0530016,0.0832792,0.6765071,0.5376013,0,0.6645975,0.7369422,0.6021126,0,0.6071904,0.0575707,0,0.5995621,0.1125778,0.0535463,0.5514124,0.7029867,0.5910149,0.6692308,0,0.516865,0,0.03139,0.1524054,0.0496373,0,0.1686585,0.4822457,0.4045692,0.4430104,0.469471,0.2436136,0,0,0.0011798,0,0.6642272,0.5123102,0
"4555",0.6492712,0.6727208,0.620365,0.7225865,0,0.6536725,0.5017431,0.6804427,0.656619,0.5730503,0.6862763,0.0691181,0.1248018,0.6627978,0.5281764,0,0.7405435,0.6313207,0.6049102,0,0.6771702,0.0373862,0.6612213,0,0.1136438,0,0.5559333,0.5980124,0.6170014,0,0,0.5403722,0.545849,0.1387493,0,0.0228662,0,0.190082,0,0.3860048,0.2695183,0,0,0.5862077,0.6948331,0.0106364,0.609567,0.5446213,0.58641,0.5217299
"5860",0.6603059,0.7486373,0.6689408,0.5697446,0.7698688,0.6308936,0.5363071,0.7845168,0.4753197,0.5854806,0,0.1365354,0,0.7405546,0.5316236,0.0034813,0.7040027,0.7086207,0.7249607,0.0002886,0,0.0218944,0.5458983,0.7744445,0.0798898,0,0,0.7009391,0.5322192,0.7204453,0,0,0.5420289,0.1999633,0.0629069,0.0513964,0.3760499,0.1923031,0.2806283,0.3753502,0.2855366,0,0.3303965,0.6695441,0,0.0058058,0,0.6351332,0.5866491,0.6814931
"5862",0.5594202,0.715087,0.5464848,0.5614842,0,0.6454316,0.480928,0,0.6418595,0.4674309,0.5884542,0.0816484,0.1225553,0,0,0.1741326,0,0.7080122,0.6505081,0,0.6585593,0.0695208,0.5603101,0.4961154,0.0965708,0,0.6177754,0,0.614103,0.7296773,0,0.496607,0.06677,0.1189418,0.1510918,0,0,0,0.3243446,0,0.3451763,0.3703569,0.6508837,0.6472127,0.6477586,0,0.6332846,0.7161149,0.5287073,0.6474429
"5864",0,0.628678,0.6819861,0,0.6317537,0.6166909,0.4838968,0.7839496,0.5607269,0.5302235,0.7359617,0.0647487,0.1511675,0.7388726,0.5627158,0.1588486,0.5781631,0,0.6302378,0.0005112,0.6183018,0.0578862,0.6720369,0.7119153,0,0,0,0.7370348,0.6440768,0.5724106,0,0.5198444,0.0102647,0.0419362,0.3331052,0.0009236,0.3664244,0,0.3240641,0.3517777,0,0.3148807,0.6972901,0.6488588,0.5192531,0.0075713,0.667883,0.4938107,0.6436129,0.5153248
"5866",0,0.7431624,0.7573968,0.7405482,0.5962593,0.5503508,0,0.7459957,0.694465,0.5762998,0.6478139,0,0,0.7201564,0,0.1910882,0.6183827,0,0.6155127,0.0006879,0,0.0747718,0.672429,0.5708212,0,0,0.5423302,0.5963147,0.5539064,0.6392185,0,0.5508061,0.0054858,0.0374368,0.1670231,0,0.262189,0.1038486,0.5434975,0.3838805,0.3719185,0.4057289,0.6871611,0.7258602,0.7195977,0.0152992,0.7043832,0.5798194,0.5890453,0.6559313
"5868",0.7121912,0.7082473,0.5201725,0.5944743,0.6150756,0.7225213,0.4768705,0.5436537,0.750161,0.6082242,0,0.0854589,0.1177567,0.5463711,0.5562023,0.2119163,0.6767259,0,0.7386797,0.0012273,0.7227371,0.0524576,0.6169037,0,0.0606638,0.0050242,0.5828994,0,0.5877695,0.645661,0,0.645518,0,0,0.2258666,0.0002583,0,0.118083,0.4170625,0.4809321,0.4022143,0.3402317,0.711913,0,0.6487185,0.0043977,0.6991619,0.7459057,0,0.6421675
"5870",0.5441945,0.6383509,0.6494218,0.6785244,0.6343588,0.6350827,0.5230183,0.6383392,0.6303144,0.5465119,0.7363971,0.0771989,0,0.7855069,0.5347437,0.1915779,0.6745528,0.5761274,0.6867098,6e-07,0.5925368,0.084067,0.7441232,0,0.1156862,0,0.5830923,0.5980373,0.5700227,0.6583287,0,0,0,0.0394436,0.1561952,6.8e-06,0.365698,0,0.4302901,0.4425162,0.3429485,0.3258968,0.5494996,0.6884425,0.7236888,0.0064168,0.5435861,0,0,0.5921709
"5872",0.7159534,0.6161331,0.5926759,0.5026138,0.7029187,0.6150035,0.4084865,0,0.7727443,0.6337385,0.5665753,0,0.1101844,0.7394611,0.4121643,0.004641,0.6403648,0.6705759,0,0,0.6191786,0.0485169,0.6103142,0.699385,0.1366072,0,0.5752737,0.6368186,0.6372492,0.7534324,0,0.6312711,0.6539978,0.1775534,0.0701167,0,0.3625221,0,0.2871439,0.3557148,0.2499188,0.3137194,0.4018642,0,0.6133977,0.0029419,0,0.7681123,0.5534263,0.6855078
"5874",0.6156946,0,0.6406229,0.6048013,0.6633261,0,0.5889326,0.5972918,0,0.6008856,0.6369159,0,0.132857,0.7076124,0.5540566,0,0,0,0.7766463,7.27e-05,0.5919916,0.0313144,0.592526,0.6822292,0.1186534,0.0628897,0.5621377,0.6648813,0,0.5617589,0.5153187,0,0,0.1987713,0.0912614,0.0207749,0.3519582,0.1619031,0.2619184,0.3039295,0,0,0.332055,0.6764671,0,0,0.7032537,0.7211624,0.6025481,0
"5876",0.6566819,0.7499072,0.6825489,0.5464712,0.7383139,0,0.6130675,0.6593597,0.6990262,0.6045438,0.6766157,0.0483346,0.1004544,0,0,0,0.6072602,0.6223648,0.6409346,0,0.5959008,0.0354391,0.5517849,0,0.0737237,0,0,0,0.5893138,0.6337518,0.6366812,0,0.4578147,0,0,0.0392254,0.2871572,0.1033347,0,0,0,0,0,0.8099598,0.6817134,0.006233,0,0.7859631,0,0.6957347
"5878",0.5905948,0,0,0.5500838,0.6737928,0.61587,0,0.5885769,0,0.5885536,0.7051788,0,0.1047007,0.5699695,0.5428181,0.0013859,0,0.7536055,0.5846954,0,0.5777743,0.0477231,0.7128406,0,0.1150144,0.0331123,0.5572297,0,0,0.6401894,0.6404441,0,0.5375744,0.180531,0.0775367,0,0.3874309,0.1926989,0.2213972,0.4143476,0.3604641,0.519599,0.3870672,0.707518,0,0.0008525,0.5701856,0.7325707,0,0
"5965",0.66639,0.5268986,0.6681744,0.684739,0.6645741,0.6139089,0.4353343,0.7044972,0.6339315,0.5632197,0.5966122,0.0677183,0.1029708,0.7163095,0.5897871,0,0.7195455,0.7571891,0.6292594,0.0004694,0.6954136,0,0.6494676,0.6137212,0.081893,0,0.6000805,0.7095278,0,0.6780308,0,0.5859981,0.6059006,0.2300955,0,0.0231034,0.4067081,0.1994483,0.2670314,0.3609558,0.312024,0,0.3316553,0.6660858,0.5867375,0.0088777,0.5965955,0.6577128,0,0.7169954
"5967",0.6575673,0.6007036,0.7074793,0,0.7388236,0.577363,0.5607708,0,0.6173012,0,0.6564121,0.0810368,0.1070189,0,0.5302461,0.0098859,0.7356521,0,0.7058154,0.0014673,0.474097,0,0,0.7348351,0,0.1586909,0.5857963,0.5930337,0,0.6632268,0.6577338,0.5591072,0.5389454,0.171462,0.1291733,0.1328438,0.2545712,0.1275513,0.3901664,0.3454598,0.2587818,0.4560643,0.2628611,0.6759458,0.6849049,0.0034132,0.6531169,0.6847447,0.5859223,0.6577343
"5969",0.6059007,0.6501733,0.623916,0.7832344,0.7289827,0.4911431,0.4462343,0.7379611,0.6550745,0.6045547,0.6947913,0.0855146,0.1227189,0.6828999,0.5046785,0,0.6351192,0.6457358,0.6829083,0.0002326,0,0.1677182,0,0,0,0.6622404,0,0.6615444,0,0.2399343,0.7469504,0,0,0.100033,0.3246727,0.5396077,0,0.1419852,0.3590865,0.3560925,0,0.4631818,0.3147179,0.6437174,0.6957491,0.0019669,0.6695362,0.4553346,0.5960774,0.5809412
"5971",0.6909915,0.6572294,0.7101502,0,0,0.557934,0.5076145,0.6430605,0,0.580575,0.6881433,0.0622744,0.1037781,0,0.6082111,0,0,0,0,0.0006164,0.0379634,0.5033112,0.0130292,0.6911951,0.0005641,0.5509755,0,0.6381595,0.2925129,0.1056564,0.632542,0.6430633,0,0.0729866,0.5222391,0.6708571,0.0606465,0,0.2598727,0.4718179,0.1952219,0.3883604,0.2997104,0,0.7020286,0,0.75391,0,0.6018557,0.6629429
"5973",0.615511,0.5266033,0,0.6015157,0,0,0.5357847,0.6465365,0.5737823,0.5349825,0.6342915,0.0895611,0.1093136,0.6162836,0.5765045,0.0042663,0.6857204,0.6789125,0.6839085,5.7e-06,0.0100627,0.6746002,0.0208654,0.6881994,0,0.6677063,0.4858578,0.702061,0.3927421,0,0.6784811,0.6153998,0,0,0.5316616,0.6040313,0,0,0.3143636,0.3724529,0,0.4404018,0,0.0863111,0,0.0032888,0,0,0,0.6956514
"5975",0.6733067,0,0.6382805,0.6990913,0.6562444,0.6349171,0,0.6413906,0.8419693,0.5808404,0,0.0640096,0.1395005,0.5875799,0.4682289,3.82e-05,0.6664051,0.7234295,0.6962066,0.0040027,0.0090154,0.6474524,0.0116399,0.60199,0,0.6660638,0.5460855,0.6746354,0,0,0.6424222,0,0.2028644,0,0.5104333,0.5946885,0.1313537,0.1189656,0.3889307,0.4107759,0,0.5368938,0.314548,0,0,0.012935,0.6911296,0,0.6112814,0.7629846
"5977",0.7137368,0.6389924,0,0,0.6276676,0.5534419,0.7846123,0.6139252,0,0.4233074,0,0.0497534,0.1555962,0,0.4787099,0.0087062,0.7025893,0.6896221,0,2.49e-05,0,0.2492134,0,0,0.097272,0.1688049,0,0.7508643,0.5765416,0.5451883,0.7346783,0,0,0.0081726,0.5496495,0.0827143,0.3896751,0.1329876,0.4833372,0.3892926,0.4017514,0.4482023,0,0.3809981,0.6043401,0.0008756,0.577414,0,0.6052407,0.5927006
"5979",0.6105205,0.5967642,0.6247116,0,0,0.6451934,0,0.6922059,0.6807298,0.5714122,0.7090616,0.095338,0,0,0.5864297,0.0066397,0.5582525,0.657301,0.6280946,0,0.585161,0.0637074,0.5221583,0,0,0.0501112,0.5253399,0.7020387,0.6575091,0,0.6602565,0,0,0,0.4738499,0.039779,0.327662,0,0.3408588,0.425655,0.3545812,0.4429351,0.2794845,0.5959034,0.7322503,0.014298,0.6686038,0,0.5959633,0.7447291
"5981",0.6699906,0.5627789,0.7844733,0,0.6655312,0.6933086,0.5583276,0,0.5431322,0.5823668,0,0.0822858,0.0784866,0.5462167,0,0,0,0.6455888,0.6126676,1e-07,0.6881819,0.0740071,0,0.6773918,0.0805124,0.0743839,0.5493646,0.6620901,0,0.6569864,0,0.5723179,0,0.0614491,0.1285019,0,0,0.1894706,0.3087275,0.3558309,0.3335753,0.3992473,0.2393969,0.6452584,0.646863,0.0064299,0.5596112,0.6055426,0.5220047,0.6566923
"5983",0.6762635,0.6717658,0.6506697,0.6751589,0.6818082,0.6969313,0.5428052,0.6147082,0.6100193,0.5398074,0.7147606,0.1227053,0,0.7056161,0.5785692,0,0.5740073,0.7337681,0.7596825,0,0.6725421,0,0.6795326,0,0,0.0465709,0,0.5910564,0.5759876,0.6015287,0.7760502,0,0.4869261,0,0.1545377,0,0.4060283,0.1415145,0,0.2930222,0.3299798,0.3730726,0.3132948,0,0.6579399,0.0020398,0,0.6636453,0,0
"7435",0,0.7254587,0.7133885,0.6354047,0.6726752,0.5973934,0.5954835,0.6638674,0.6453074,0,0.588023,0.0750483,0,0,0.4735595,0.0022296,0.5889022,0.7161772,0.6228034,0.0008824,0.720084,0.0328496,0.7209826,0.8063628,0.082181,0,0.6357947,0.7890007,0.5340377,0.6969403,0.6254007,0.6138409,0.498461,0.1868618,0.0597591,0.0341073,0.3997093,0.1849646,0.2656459,0.3406345,0,0.362111,0.3905249,0.6812248,0.6872884,0.0071466,0.6783166,0,0,0.7305223
"7437",0.6610418,0.6391076,0.7209936,0.6437845,0.6668304,0.5681419,0.516605,0.725608,0.6960805,0,0,0,0.103309,0,0.5196239,0.0099941,0.5422688,0,0.6903786,0.0004034,0.6560132,0.0342412,0.6405846,0.6756357,0.0571292,0.0029596,0.5295131,0.7173416,0.4705232,0.6680053,0,0.6723247,0.5027242,0.2888771,0.0772699,0.0316438,0.3717669,0.1815162,0,0.1806152,0,0.0522401,0.3602094,0.4858443,0,0,0.6174473,0.636044,0.6051916,0
"7439",0,0,0.6352201,0.7095804,0.5701177,0.6381345,0.592771,0.6369957,0.6221408,0,0.6894051,0,0.1237159,0.6932548,0.5340422,0.0040253,0.7218282,0.6786317,0.7810931,0,0.7561954,0.0646299,0.602567,0.7194039,0.0520776,0.0012345,0,0.6940961,0,0,0.480863,0.5993019,0.6008522,0.2608218,0,0.0403379,0.4310848,0.195921,0,0.1942021,0.2371839,0,0.3673698,0.6411699,0.7516829,0,0,0.6397,0.5761029,0.7002226
"7441",0.6311186,0.6902928,0.5937984,0,0.7990389,0,0.5661419,0,0,0.6844411,0.6778139,0.0030754,0.1282798,0.7397975,0.528804,0,0,0.7509353,0.6321605,0,0.6222875,0.0524419,0.5930078,0.7067974,0.0882222,0.000239,0,0.6236538,0,0.7280811,0.3335856,0.5895489,0.5807751,0.2840729,0.0449197,0,0,0.2794994,0,0.233894,0.1988787,0.0054866,0.3412136,0.6199096,0.711595,0.0011788,0.6707628,0.6883939,0.6126933,0.7070632
"7443",0,0.6828254,0.6448318,0.5867901,0.6739212,0.6606146,0.5258058,0,0.7767848,0.5841581,0.6570439,0.0021955,0.1012201,0,0,0,0.6522941,0.654546,0.575554,0,0.6293228,0,0.6272729,0.6041334,0,0.0006815,0.531944,0,0.429716,0.6861387,0.4466649,0.7100281,0.577194,0.1990901,0,0.0426962,0.3504136,0.174606,0,0,0,0.0173629,0.4414246,0.6418503,0.7229868,0,0.614723,0.614721,0,0.6140403
"7445",0.6903161,0,0.6889629,0.67575,0.6358858,0,0.5277955,0.7881386,0,0.5315716,0.6461201,0.0048154,0.1185046,0,0.6352656,0.0014392,0.6009795,0.643181,0.5775993,6.55e-05,0.6906361,0,0.6328831,0.8452754,0.0435287,0,0.5514447,0.6415253,0.3231992,0.7396355,0.3829317,0.7244529,0.6246151,0.3862389,0,0.0583353,0.457504,0.2622237,0,0.1376541,0,0,0.458949,0.668364,0,0,0.683766,0.6712188,0.5141596,0.6608123
"7447",0,0.5484387,0.6539037,0.609365,0,0,0.5877723,0.6464889,0.639791,0.4814016,0.7746056,0.0945304,0.145634,0.7308596,0.5708842,0.0013427,0,0.7345528,0.6396628,0.0001113,0.5703452,0.0458938,0.6244601,0.6441329,0.0934255,0.069203,0.4495914,0.736037,0.4802398,0.6718444,0.5291263,0.5574159,0.558259,0.1328082,0.1230449,0.0346201,0,0.1560267,0,0.2604968,0.3106286,0.3767097,0.2966403,0.6194127,0,0,0.7381281,0.7089949,0.5271015,0.81073
"7449",0.7188098,0.7207755,0,0.6515812,0.6508932,0.4966481,0.5108532,0.6404194,0.6490913,0,0.6074069,0.0638538,0.108687,0.6209871,0,0,0.6873319,0.6048523,0.6980384,0,0.6698947,0.0147752,0.7031853,0.6575605,0.0769656,0,0,0.5682697,0.5274851,0.6118375,0.6817425,0.658086,0.553011,0.1541431,0.0786677,0.0373142,0,0.1879432,0,0.3218454,0.2976998,0.4274977,0.3147271,0.6680767,0.7549585,0.0177402,0.6532036,0.5783404,0.6068541,0
"7451",0.6619322,0.6483849,0,0,0.7110149,0,0.4875028,0.5625381,0.7107529,0,0.6784716,0.0427095,0,0.7333668,0,0.0006123,0,0,0.6308289,3.08e-05,0.6429816,0.0408259,0.6888215,0,0,0.048967,0.6460145,0.6923104,0,0.6908398,0.8645366,0.4813798,0.4800265,0.1211114,0.1084389,0.0243948,0.3944597,0.2065011,0.2202671,0.3483695,0,0.4145043,0.3035551,0.7091635,0.7318022,0.0073959,0,0.6369824,0.5200797,0
"7453",0.7023758,0.6877723,0.5908357,0.7010975,0.6405207,0.5834038,0,0,0,0.5683843,0.7557798,0.0919435,0,0.5948946,0,0.007714,0.6770269,0,0.519997,0.0007668,0.5546526,0.0259296,0.6308821,0,0,0.0641131,0.5158657,0.7406819,0,0.6219711,0,0,0.5445629,0.1980738,0,0.0314124,0,0.1838745,0.303644,0.3538263,0.3363053,0.3940158,0.3324464,0,0.6089113,0.0143941,0.6598849,0.7165499,0.5850883,0.673349
"10732",0.6812738,0.7323971,0.712806,0.6657105,0.7071256,0,0.5099822,0.6846632,0.7125743,0.5483212,0.6237966,0.0539796,0.0851959,0.6080917,0.5182178,0.0039966,0,0.7205075,0.6251492,0.000544,0.6543013,0,0.7410671,0,0.1152037,0.0327861,0.6287992,0.6080114,0,0.6461313,0.6242856,0.5622337,0.5640257,0.2157827,0.0646335,0.0382128,0.4345061,0.1208219,0.2917528,0,0.313666,0,0.2929981,0,0,0.0068926,0.6125663,0,0.5235732,0.728539
"10734",0.6604154,0.6085276,0,0.6806561,0.6826842,0.5860718,0.6227953,0,0.6379244,0.544713,0.7014386,0,0.1060332,0,0,0.2138784,0.705868,0,0.6341454,0.0735773,0.6446822,0.3652105,0.6969654,0.6436543,0,0.0341879,0.6747569,0,0.5492064,0,0.661295,0.6104434,0.209005,0,0.5489472,0,0.3499179,0,0,0.2835339,0.3225856,0.3314744,0.2577252,0.699372,0.6094595,0.0071387,0.6249415,0.7004286,0.639434,0
"10736",0,0.5807069,0.1820426,0.6888291,0.6667999,0.6354776,0.6911898,0,0.6311301,0.5775114,0.6738699,0,0.1041921,0,0,0.1822136,0.5323158,0,0.5256096,0.0990402,0,0.3870323,0.6290173,0.7601224,0,0.0524682,0.5460064,0.3599447,0.556233,0,0,0,0.3482127,0,0.5118626,0.0014046,0.4378373,0.0972519,0,0,0.4005391,0.4672124,0,0.5648837,0.61839,0.0074279,0.6137649,0.6074178,0.4608125,0.1780378
"10738",0,0.7098467,0.3669682,0.7586628,0.6620578,0.5698774,0.5900803,0.5262964,0.6283773,0.4963922,0.6321961,0.0095471,0.0656988,0.5046031,0.6133264,0.2118448,0.5653778,0,0.5974451,0.0797534,0.634723,0.3764818,0,0.6430223,0.0959075,0.0342106,0.6528226,0.351168,0.635775,0.6914553,0.5822424,0,0.2760235,0.0047107,0.5217972,0,0.4036157,0,0,0.318525,0.3609957,0.464249,0.2594811,0.6355928,0,0.0125039,0,0.6345096,0,0.1630085
"10740",0,0.7074643,0.3478971,0.5903656,0.6547117,0.7315798,0.5789116,0.6394534,0,0.5308155,0.6468531,0,0.1101921,0,0.5384726,0.2777976,0.5844228,0.6855736,0,0.0756311,0.80878,0.4481928,0.5981292,0.715156,0,0.0435509,0.5213537,0.2587502,0.5612058,0.6586276,0.5972748,0.6036232,0,0,0.6219259,0.0005925,0.417106,0,0.2024076,0.2580658,0.3581339,0.320267,0.2669288,0.6204287,0,0.0081362,0.6341893,0.6137194,0,0.1662136
"10742",0,0.8022755,0,0.7033419,0.5518148,0,0.5575927,0.6489117,0.7163207,0,0.7257976,0.008267,0,0.6378172,0.3461501,0.2308367,0.5369861,0,0.5175911,0.0862099,0,0.3082792,0,0.6650723,0.0822608,0,0.6178554,0,0.6462879,0,0,0,0,0.0124068,0.620211,0.0006522,0.4204601,0.1242216,0.1579081,0,0.4425822,0,0.2992487,0.50037,0.6918103,0.0014447,0,0.5987479,0.6253414,0
"10744",0.5690848,0.6084567,0.6241837,0.705272,0.577828,0,0.6262344,0.668868,0,0.6312969,0.5988044,0.0654657,0,0.6690754,0.5527845,0.0225977,0.7151562,0.6245702,0,0.00348,0,0.0497898,0,0.6961063,0.0968609,0.090462,0.5441035,0.707837,0.6479066,0.7358075,0.6810278,0.4495589,0,0.0098443,0.5107704,0.0530971,0.3747724,0.1177195,0.3138106,0.3866254,0.3152692,0.5044889,0,0.528831,0.7373754,0.0038852,0.6295187,0,0,0.6938061
"10746",0.7254732,0,0.5900955,0.5413067,0.582338,0.5253214,0.5335963,0,0,0.4910433,0.6188644,0,0,0.639099,0.5317027,0.0081192,0.6172335,0.55171,0,0.0001885,0.6332642,0.0543956,0.721706,0.6417216,0,0.0453137,0.6406871,0.7164274,0,0.6104597,0,0.6285002,0.4812088,0,0.1579011,0.0570445,0.3501272,0.1517789,0.361777,0,0.3494699,0,0.3069031,0.6357675,0.5856673,0.0073324,0.5989971,0.6612489,0.605614,0.6163739
"10748",0.7839494,0.7023375,0.6426228,0,0.4615417,0,0.5746937,0,0.5822503,0.5712276,0,0,0.1408842,0.6267384,0.4784079,0.0005735,0.7131893,0.6550707,0.6807999,0,0.6742061,0.0320938,0.5182413,0.6777292,0,0.0810819,0,0.8210401,0,0.6280256,0,0,0.6109245,0,0.0915989,0.0301971,0.3303501,0.1809505,0.1950197,0,0,0,0.321843,0.7306822,0,0,0.6511079,0.6396084,0.5276999,0.6509889
"10750",0.5937286,0.7320941,0.6503581,0.6334651,0.6048394,0.5307921,0,0.7543993,0.6654774,0.5321351,0.5688864,0.0700769,0,0.6670196,0,0.0008722,0.68496,0.6239724,0.6425985,0,0,0.0657679,0.6236498,0.6454207,0.0959852,0.0411782,0.5680546,0,0.412457,0,0.5796611,0.4777222,0.5646699,0.1668144,0.0655141,0.0417985,0,0.1958145,0,0.2513022,0,0.4530762,0.3778682,0.7687139,0.6686023,0.0037927,0,0.6320834,0.5991743,0.8056345
"12055",0,0.6788832,0.6435352,0.7283838,0.8453689,0,0.6298215,0,0.6955094,0.5006877,0.6909056,0.0909445,0.0994996,0.790347,0.5315163,0.0014426,0.6502457,0.7273066,0.6626743,0.0006006,0.6537914,0.0352591,0,0,0.1148607,0.0329566,0.6178063,0.65702,0.4534417,0.6087221,0,0.6472769,0.5887109,0.1777436,0.0588325,0.032458,0,0.1976303,0.3008776,0.3632642,0,0.3986118,0.369731,0.6394024,0,0.0081802,0.5687345,0.6341843,0,0.7680765
"12057",0.6831558,0.654669,0.5608321,0.7171304,0.6310935,0.6644503,0,0.7086278,0,0.5047626,0.6513732,0,0,0.7323048,0.4147485,0.0008573,0.6599095,0.6612101,0.657427,0,0.5242864,0.3870851,0.7520696,0.6811868,0.0362943,0.0556501,0.5250238,0.737866,0.5627819,0.7992776,0.585725,0.5889677,0,0.0479098,0.6396103,0.0015062,0.3686561,0.15983,0.339539,0,0.1404544,0,0.3175546,0.6547335,0.6465193,0.0004617,0.6140657,0.6858122,0.5987984,0.6861636
"12059",0.6238405,0.6655676,0.5492683,0,0.5381955,0.5906542,0.4673338,0.5927668,0,0.6016239,0.6944713,0.0345138,0,0.6717232,0.6338233,0.0051303,0.6453637,0.5798045,0.6312331,6.21e-05,0.6963427,0.2762079,0,0.6421881,0.0705973,0,0,0.7131812,0.6223265,0,0,0.6930624,0.2366685,0,0.5399416,0,0.3228295,0,0.3331115,0.3859218,0,0.3990448,0.3454541,0.7143722,0,0,0.5793367,0.574079,0.6749447,0.644054
"12061",0.6833136,0.62866,0.6860088,0.6089632,0.5445726,0.6766423,0.5095642,0.6606646,0.7141257,0.6935324,0.6491465,0.0482017,0.0007358,0,0.6250368,0,0,0.6893949,0.6486873,0,0.6980254,0.3055619,0.5237525,0.7084215,0.0374136,0.0687052,0.5553196,0.690996,0.6841835,0,0.5289491,0.66868,0.2306201,0.0042016,0.452735,0,0.3770042,0.1112678,0.403522,0.4053305,0,0.4204816,0,0.5850227,0.7133004,0,0,0,0.7111369,0.6439223
"12063",0.7428328,0.6252951,0.6174616,0,0.5650818,0,0.5041639,0.6594819,0.7136731,0,0.6364212,0.1050216,0,0.6336938,0.565639,0,0.6321996,0.7444649,0.5723729,0.0010627,0.6622455,0.390613,0,0,0.0718053,0.0443288,0,0.702643,0.5670527,0,0.4770917,0.5867075,0,0.0029091,0.7070536,0,0.3001781,0,0.3428747,0.4436939,0,0.4241866,0,0.5875665,0.6863924,0,0.6615156,0.6619653,0.6513949,0.6594372
"12065",0.6994722,0.6603486,0.711957,0.6455191,0.6656665,0,0.6346255,0.5062671,0.5754614,0.5547928,0,0.0889454,0,0.6428326,0,0.0044661,0,0.599317,0.6615898,0,0.6430007,0.3200253,0.7155002,0.5182956,0,0.051716,0.6220687,0.6298929,0.6659428,0,0,0.6381175,0.1805572,0,0.6435105,0,0,0.1244674,0.3431544,0.4080573,0.2252814,0,0.2981403,0,0.6974045,0.0018697,0,0.6836777,0.5945538,0
"12067",0.6825036,0,0.6396954,0.7010423,0.6828706,0.5323795,0,0,0.7055413,0.5521719,0.6446229,0,0.0836154,0.6795642,0.6350246,0,0,0.8127774,0.5671134,0,0.624182,0,0.6278975,0,0,0.0490155,0.530977,0,0.6083798,0.6554175,0,0,0.3473517,0,0.3296289,0,0.3559667,0.1125557,0.478003,0.3821034,0.4363631,0.3808826,0.237395,0,0.6003917,0,0.6590412,0.6758907,0.725303,0.7376667
"12069",0.613654,0.6973569,0,0.6412382,0,0.6221819,0.5491375,0.7468856,0.5957507,0,0.6430857,0.0821735,0,0.6882622,0.6041915,0.0004677,0.6945951,0,0.6462327,0,0,0.0537713,0.6830907,0.7160543,0.0937145,0.0401774,0.5773756,0,0.6663427,0.678424,0.8012639,0.6474084,0.6267709,0.0126513,0.1940755,0,0,0.1756321,0.3722679,0.4563123,0.3097783,0.4584173,0.2378709,0.5971564,0.6945451,0.0135278,0.6475892,0.6870195,0.5192115,0.6003812
"12071",0.6708508,0.6434081,0.6652324,0.713314,0,0.654097,0,0,0.6344328,0,0,0,0.1015213,0,0.5025225,0,0.7135773,0,0.6718319,0,0.7445715,0,0.6669991,0.6073406,0.1464243,0,0.6982286,0,0.5236365,0,0.7083051,0.6603472,0.6399674,0.1242531,0.1415469,0.0275636,0,0.1464732,0.2185657,0,0,0,0,0.6583159,0.6509856,0.0043963,0.8091754,0.6871836,0.6224428,0.7850294
"12073",0,0.6650782,0,0.6481623,0.5686389,0.5569719,0.4984817,0.5601786,0.5128681,0,0,0.0937459,0.1007048,0,0.5028761,0,0.6833364,0,0.5894168,0,0.6805075,0.0334713,0.6190009,0,0.0637331,0.075778,0.6865913,0.5655374,0.4947097,0.6503373,0.6449031,0.5353268,0.556745,0.1513486,0.1076535,0.0380354,0.344638,0.1792298,0.1877767,0,0,0.4042247,0.3442538,0.7735758,0.5639289,0.0139636,0,0.7727756,0.5040297,0
"13273",0,0.6859116,0.6640962,0,0,0.6019036,0,0,0.6245443,0,0,0.0720423,0,0.6290041,0.5658211,0.0008099,0.6516799,0.6667341,0.6637252,0.0002207,0.6374207,0.0453468,0.4935784,0.7228862,0.0883212,0.0654226,0.6216907,0.7771989,0.4773956,0.5808549,0,0.5820508,0.6287303,0.1987994,0.0535845,0.0146927,0.3719023,0.1779386,0,0.3295603,0.2952047,0.3789319,0.3628839,0.5716752,0.7092119,0.0137734,0.5979019,0.5856768,0.5920098,0.6585198
"13275",0.6557879,0.7494986,0.6293193,0.6182029,0,0.6350118,0.6826626,0,0.5664572,0,0.6306308,0,0.1176674,0.7166535,0.5662644,0.004061,0.6178351,0.6344155,0.5688677,0.241436,0.6489519,0,0.626242,0.6612612,0.0992102,0,0.5581427,0.6332238,0.2716974,0,0.6324351,0.5860628,0.3498944,0.1654458,0,0.0033732,0.584019,0,0,0.0754746,0.375659,0.4150171,0.566376,0.5931898,0,0,0.5685108,0,0.5359999,0
"13277",0.7441913,0,0.667721,0,0.5519955,0.6468128,0.4949335,0.6488934,0,0.6126259,0.6638961,0,0,0.7333625,0.3729981,0.0068154,0,0,0.6596267,0.2862812,0.784243,0,0.7321107,0,0.0896781,0.0213687,0.4712803,0.6816208,0,0.546668,0.6505668,0.5637166,0,0,0.2519925,0.002673,0.4618055,0.2032895,0,0.0605779,0,0.3195399,0.6805782,0.6484993,0.1857051,0.0001175,0.7505425,0.6013263,0.5174503,0.2081306
"13279",0,0.7166473,0.6275758,0.5861919,0.6378646,0.6064295,0.5931262,0.6089478,0,0,0.5843626,0.0110287,0.1350737,0,0.4905828,0,0,0.7106477,0.6236164,0.259781,0.6690925,0.0318681,0.6365324,0.7115988,0,0.0623172,0.4939096,0.6121626,0,0.6889196,0.6649917,0.6176809,0.2966868,0,0.1537111,0,0.5316953,0.168898,0,0,0.3100396,0.3424185,0.7597702,0,0.1155619,0,0,0.6838392,0,0
"13281",0.5887414,0.6579544,0,0.6127243,0.6371297,0.7002378,0,0.6397083,0.8247474,0.6150164,0.6583619,0.0019362,0.0779302,0.7068928,0.5328533,0.0020231,0.7234909,0,0.6575804,0.2055359,0.7260588,0.0523954,0.533067,0.7050632,0.1040508,0.0529826,0.5428367,0.6294369,0.1987969,0.5708793,0.715799,0.6586727,0,0.1143701,0.1211215,0,0.5301916,0.1749134,0.3019255,0,0.3490033,0.3219445,0.6598586,0,0,2.9e-05,0.6966595,0.632528,0.5751332,0
"13283",0.644476,0.4432191,0.5355556,0.6147081,0.5994609,0.6952954,0,0.6436186,0.5592072,0.6075741,0,0,0.1146853,0.6779863,0,0.0027415,0,0.6573002,0,0.2890664,0.6221855,0.0399037,0.7355965,0.7155434,0,0,0.6483797,0.5028545,0,0.6297006,0,0,0,0.1674814,0,0,0.5464451,0.138706,0.2383594,0.142577,0.4066701,0.4928915,0.6418934,0.5447464,0.095856,1.62e-05,0,0.7122328,0,0.2352776
"13285",0,0.6517109,0,0.6618931,0,0,0.5254288,0,0.6773534,0.5650367,0.743998,0.091251,0,0.6112107,0.4364726,0,0,0.7576802,0.6236572,0.0409792,0.6441859,0,0.6478444,0.780983,0.0813954,0.0485058,0.6260056,0,0.4977351,0,0.573266,0.5939676,0.5728114,0.1031964,0.1008825,0.0325642,0.4409806,0.2036273,0,0.2609626,0.2685125,0,0.3494572,0.5736894,0.6899088,0.0045504,0.5757278,0.6244336,0.6114623,0.6991168
"13287",0.5572379,0.5909141,0.7595716,0.6464426,0.5696427,0.5183509,0.5976514,0.5703057,0.5394612,0.5834063,0.7732071,0.1014104,0.1328532,0.5720705,0.555072,0.0015726,0.5995225,0.6558668,0.6303499,0.0043171,0.701102,0,0.6925742,0.6468638,0.1090811,0.0626323,0.5602943,0.56616,0.5376795,0.6755103,0.6236942,0.5186549,0.5413987,0.1654866,0.1557236,0.0394641,0,0.1643956,0,0.3963769,0.3067027,0.4312643,0.3290279,0.6350167,0.7851248,0.007452,0.7061954,0.6629658,0,0.5545266
"13289",0,0,0.6398898,0.604591,0,0.6016989,0,0,0.6788066,0.6953944,0,0.0933173,0.0672449,0.7080866,0.5519638,8.94e-05,0.6512977,0.6386102,0,0.0005482,0.6871672,0.0359241,0.747252,0.6694756,0.0824266,0.0439463,0.5702908,0.6621906,0.5194586,0.6552263,0.7304218,0,0.4223515,0,0.1265723,0.0442998,0.4437099,0.1464328,0.2552498,0,0,0,0.3659189,0.6114669,0.6195466,0.0106294,0.6461743,0.6437481,0.5558128,0
"13291",0.6623865,0.6291125,0.6489043,0.5689663,0.6362122,0.7131103,0.5134939,0,0.663117,0,0.6568726,0.0763587,0.1441868,0.6524465,0,0.000319,0.6551016,0.7439808,0.6237947,0.0001643,0,0.0536021,0.6176077,0,0.1287592,0,0.6214373,0.6842271,0,0.7053394,0.6686423,0.6309935,0.5650434,0.2308022,0,0.0461204,0.3451871,0.1857458,0,0.3807747,0.2553944,0,0.3159822,0,0.6269368,0.0024243,0.6306063,0.6430948,0.5344203,0.6615537
"14596",0,0.5970877,0.674211,0.6490981,0.617686,0.7207503,0.6182847,0.7123067,0,0.4947971,0.6586772,0.1013916,0.080268,0.5658725,0.5776769,0.0025973,0.6020266,0.7786091,0.7464938,0.0004799,0.7358707,0,0.6536342,0.7307007,0.1030384,0,0.6157817,0.7385523,0,0.5811277,0.6595377,0,0.4998644,0.1613941,0.0502708,0.0414127,0,0.2133558,0.3187331,0.3033616,0,0.4581404,0.3921943,0.6621707,0.5739591,0,0.5808624,0,0.4888009,0.6698405
"14598",0,0.6379329,0.7948967,0.6704776,0,0.6139239,0,0,0.6787555,0.569089,0.6594735,0.0176114,0.1020609,0.7141776,0.6219004,0,0.7074103,0.6012893,0,0.0007141,0.6950352,0,0,0.7030795,0.0843699,0,0.4472723,0,0.6262017,0.7071466,0.6563023,0.5896634,0.6979277,0.1646795,0,0.0414066,0,0,0.1244885,0.2075901,0.3613604,0.3986757,0,0,0.7095973,0.0081992,0.679118,0.6361589,0.6732668,0.6370578
"14600",0.1823729,0.6645927,0.5454367,0.6372279,0,0,0.5557184,0.681671,0.5716758,0,0,0.030299,0.1335518,0.668032,0.5404751,0.0030933,0.6472782,0,0,0,0,0.0301841,0.2727177,0.5898628,0.0605911,0,0.30953,0,0.5577735,0.7274975,0.6988101,0.4649774,0.7896891,0.1505212,0,0.1187001,0.2843878,0,0.2197498,0.238944,0.4880663,0.6392969,0,0.6031073,0,0.014264,0,0.5978166,0,0
"14602",0.1140333,0.582172,0.7352228,0.6464224,0.6033103,0,0,0.7310517,0.7774351,0.5657697,0.6695056,0.0118076,0,0.5927726,0.4920067,0.0093414,0.6868027,0.7803937,0,0,0.5673418,0,0,0,0.1394537,0,0,0.3492721,0.6340884,0.5977737,0.7795288,0.5532861,0.6719986,0.1159025,0,0.1056931,0.3704819,0.0686352,0.1992291,0,0.4994415,0.5689078,0.114475,0.6264851,0.5994321,0.0006703,0.5987725,0.6396443,0.6568762,0.6674274
"14604",0.0949021,0,0,0,0.6396438,0,0,0.6581175,0.6980307,0.5918308,0,0,0,0.7387221,0,0.0090939,0,0.7570759,0.230268,7.8e-06,0.5756909,0,0,0.6149256,0.113009,2.1e-05,0,0,0.6145155,0,0.6262161,0.5521801,0.5601598,0.1881882,0,0.107748,0,0.0865669,0,0,0.3471285,0.5315365,0.2089575,0.7076441,0.7069146,0.0024169,0.4845776,0,0.5652254,0.6499561
"14606",0,0,0.6015119,0.6896369,0.6308672,0.6082645,0,0.5697033,0.6623696,0,0.6857728,0,0.1032136,0.5446876,0.5521972,0.010715,0.6240191,0,0,7.4e-06,0,0,0.2508879,0,0.1212873,0.0003521,0.2182156,0.5765646,0.5536118,0.7035237,0.6996187,0.5822123,0.6784651,0.1589315,0.1195106,0.0756192,0.2917923,0.0460882,0,0.2967285,0.401852,0.6187745,0,0,0.6279541,0.0046173,0.6642919,0.6464588,0,0.5493742
"14608",0.6057446,0.6827826,0.6474261,0,0.5560237,0.7803154,0.4862257,0.6798542,0.4890729,0.6374404,0.5180051,0.0766656,0.0729195,0,0.5412116,0.0059458,0.6706169,0.7286988,0.5565677,0.0003747,0.6822613,0.0705742,0.6250444,0,0.072475,0.0865039,0,0.6332538,0.5628345,0.848843,0.7364538,0,0.5337785,0,0.1433967,0.0341132,0.4115042,0.1838488,0.4205154,0.3283113,0.4299032,0.4314351,0.2308797,0,0.7199151,0.0063385,0,0,0,0.6418289
"14610",0.6035751,0,0.5224351,0,0.6019188,0.5908939,0,0.635884,0.6389859,0.6194117,0.6852515,0.0777406,0.1266515,0.713356,0.6190762,0.0050226,0.5946098,0.7014533,0.6689279,7.92e-05,0.5804491,0.0635252,0.5722569,0.6585124,0.1039872,0.0381116,0.6925621,0.6596953,0.549536,0.5906801,0.6479944,0,0.5351751,0.2216026,0,0.0180099,0.4173125,0.1592305,0.3781199,0.402802,0,0.4131757,0.2638387,0.6909083,0.6446625,0.0024339,0.6847938,0.6614851,0.519285,0.6759587
"14612",0.6427603,0.569919,0.7160296,0.74676,0,0.573301,0,0,0.6555696,0.561498,0.5830334,0.0840998,0.1342633,0.5350472,0.5581784,0,0.7152621,0.5770046,0,0,0,0,0,0.5773709,0.0817873,0,0.481598,0.7035309,0.5629042,0.6602665,0,0,0.5640089,0.2167729,0,0.0308344,0.383514,0,0.1940239,0.3059621,0.4059822,0.3386398,0.3393344,0.6343745,0.6090873,0.009998,0.6553711,0.7098802,0.613321,0
"14614",0.6441897,0,0,0.5213392,0.5738898,0.6041684,0,0.682694,0,0.5704231,0.6543891,0.0858932,0,0.5963317,0.6010939,0.005779,0.6457746,0.7881773,0.5977178,0.0002355,0.5654443,0.0228136,0.6199491,0.5803018,0.073539,0.0453864,0.5472604,0.6593815,0,0.6630044,0.5537733,0,0.6552444,0.1757264,0.0980752,0.0315068,0.2273545,0.1826272,0,0.3497555,0.3054756,0.3216192,0.3078234,0.6464914,0,0,0.675867,0,0.6298497,0.5981362
"19384",0.6692461,0,0.6932426,0.6280768,0.6278132,0,0.6180522,0.6930108,0.641025,0.5543463,0.5595152,0.0873145,0,0,0.6391425,0.002459,0.7922115,0.6659831,0.7017897,0.0044464,0.7088051,0,0,0.6131123,0.0836575,0.0378421,0.5606588,0.687664,0.5097229,0.7150551,0.7033066,0.5030507,0.5795148,0.3216558,0.0654824,0.0142979,0,0.2227237,0,0.4053482,0.377141,0.3333318,0.3334167,0.6606506,0.5807769,0.0009057,0.6251677,0,0.6856291,0.7778932
"19386",0.6353837,0,0,0.7664473,0.7004254,0.6212673,0.5906077,0.7078598,0.69847,0.6743691,0.6805083,0,0.0598626,0.6452222,0.6116663,0.0907242,0,0,0,4.39e-05,0,0.0331594,0.6254894,0.7248535,0.1467314,0,0.5685529,0.643469,0.4365018,0,0.6042092,0.579545,0.4916358,0.1859171,0.0604817,0,0.4210175,0.1843423,0.1828531,0,0,0.2927849,0.412517,0.6325644,0.7693453,0.0214819,0.684731,0.6313869,0,0.6858233
"19388",0.7562578,0.730597,0.0690316,0,0,0,0.5400056,0,0.6380077,0,0.6190674,0,0,0,0.5747996,0.1144369,0,0.8054663,0.7097442,0.0013648,0.608576,0.0134328,0.6051623,0.694854,0.0629166,0.060041,0.5113206,0,0.5428598,0.660635,0.79815,0.5775297,0,0,0.1108152,0,0.2999542,0.1767119,0.2940427,0,0.026498,0,0.5054644,0.6429576,0.6880239,0,0.6538666,0.6767066,0.6150111,0.7403325
"19390",0.6982443,0.5525757,0.0918694,0.6025544,0.7629491,0,0.4840008,0.7427,0.6559361,0.5364629,0.7278066,0,0,0.6321534,0.6004112,0.0871782,0.7397322,0.6222832,0.650077,0,0.6195054,0.0496746,0.6667647,0.7312207,0.136797,0,0,0.6713012,0,0.7469824,0.6848344,0.7519635,0.6101498,0.3235104,0.0626547,0,0,0.1938407,0,0.3503761,0,0,0.4690051,0.6965324,0.766675,0,0.6229429,0.6743766,0.5847449,0
"19392",0.7498254,0,0,0.6461707,0.7358133,0.718301,0,0.6750078,0.7818836,0.5794651,0,0.0098122,0,0.606347,0.508081,0.0952996,0.6451159,0.6961028,0.66823,0,0.6755438,0.0407246,0.6161115,0,0.1361071,0,0.5750291,0.7315778,0,0.6681733,0.6745632,0.7214848,0.6280678,0.2354783,0,0,0.3626154,0.2533457,0.2835679,0.432994,0,0.4985772,0.4701586,0.6278837,0,0.0127572,0.6576729,0.7061881,0.5326309,0.6750975
"19394",0.658947,0,0.0865395,0.6455319,0.7103883,0,0.513012,0.7629267,0.6976844,0.5502142,0.7877222,0,0,0.5346848,0.4819349,0.0912388,0.7739759,0,0.6538814,0,0.6853344,0.0510625,0.6341199,0.5335581,0.1467812,0.0583753,0.5970111,0.7496187,0.5543573,0.6811179,0.7239959,0.5017817,0.6550695,0.2144678,0.0696738,0.0026078,0.3113824,0.1849979,0.2270675,0,0.0322493,0.3518368,0.5533659,0.6451194,0.676373,0,0.5688252,0.6154605,0.5643212,0
"19396",0.5896983,0,0.7290815,0.6508307,0.6351015,0.6900242,0.4432184,0.6770605,0.7820153,0.5933315,0.6288676,0,0.1007076,0,0.5754555,0.0092349,0,0,0.461923,0.0038376,0,0.0354773,0,0,0.0851589,0.0485654,0.5560955,0,0.5447049,0.6839668,0.4789151,0.5826285,0.5967789,0.1614967,0.1265509,0.0337566,0.2259871,0.1719285,0,0.28717,0,0.3168685,0.3861541,0,0.712054,0,0,0,0,0.6641566
"19398",0.642509,0,0.5712313,0.602243,0.51384,0.637337,0,0.7398456,0.7506594,0.5453972,0.7024871,0,0.0917875,0,0.5323983,0.0042893,0.6592516,0.5175534,0,0.0001491,0.6877442,0.0426003,0.5574513,0.7175919,0.0584872,0.0962809,0.6859311,0.5937637,0.4864818,0.5513576,0,0.5455443,0.4739946,0.1340101,0.1059516,0.0322087,0.3222355,0.2396674,0.1992092,0.2686126,0,0.3507256,0.3032031,0.6162071,0,0.0064807,0,0,0.5837205,0
"19400",0,0.694701,0.6047264,0.6409555,0,0.6030943,0.5276775,0,0.8046208,0,0,0.0614843,0.1192075,0.6477746,0.4937218,0.0100414,0.6597447,0.6614115,0,7.41e-05,0,0.0222069,0.5930825,0.613812,0.0800311,0.0716933,0,0.5792451,0.610638,0.5827457,0.5943881,0.4892458,0.57647,0.1390572,0,0.0384355,0,0.1576926,0,0.2484005,0.2902996,0.4009307,0.3733887,0,0.6748689,0,0.6501947,0.7178624,0.6035875,0.6235268
"19402",0.7416524,0.7080623,0.8213648,0.6570725,0,0.6293896,0.4989906,0,0.577918,0,0,0.086295,0,0.6541495,0.4757417,0.0032283,0.6460841,0.7053093,0.6540471,0,0.6805663,0.0629804,0,0.7381114,0.1059591,0.02379,0.5458126,0.5962565,0,0.7011405,0.6399791,0,0.5197083,0.1952148,0,0.0315126,0.3908533,0.1902669,0.3665272,0.387927,0.2509319,0.3644497,0,0.6816917,0.659872,0.0094845,0,0.6387949,0,0.6526459
