"G1","G2","G3","G4","G5","G6","G7","G8","G9","G10","G11","G12","G13","G14","G15","G16","G17","G18","G19","G20","G21","G22","G23","G24","G25","G26","G27","G28","G29","G30","G31","G32","G33","G34","G35","G36","G37","G38","G39","G40","G41","G42","G43","G44","G45","G46","G47","G48","G49","G50"
"4096",0.6278733,0.5047463,0.033288,0.4431048,0.0308927,0.5143243,0.3617589,0.009496,0.0211875,0,0.4808811,0.2272781,0.5614646,0.243079,0.077876,0.6474987,0.3777083,0.0118834,0.4994693,0.5782376,0.0005844,0.008436,0.0634962,0,0.6803021,0.6152975,0.0599093,0.5539137,0.0171198,0.2389533,0.6636282,0.6441541,0.626244,0.1013523,0.6278599,0.682508,0.7252311,0.6183228,0.1981091,0.4885058,0.6519024,0.6215018,0.0594767,0.6306349,0.7347344,0.6559705,0.2179861,0.566773,0.5928603,0.7057704
"4100",0.7164757,0.5192756,0,0.4095207,0.0299405,0.6421402,0.0100462,0.0132481,0.0007901,0.0715449,0.4663569,0.1907792,0.5492116,0.5715055,0.0741074,0.5086905,0.428642,0.0215649,0,0.5427429,0.0006484,0.0086049,0.0750066,0.0112769,0.5595367,0.607693,0.0377044,0.7279072,0.0308591,0.2368289,0.6856717,0.7372229,0.744684,1.44e-05,0.5298339,0.630027,0.5745754,0.6166434,0.2371625,0.3654603,0.6450393,0,0.0827759,0,0.6384231,0.6487677,0,0.3492019,0.7350549,0.4534242
"4104",0.6242433,0.5150627,0.007258,0.4058784,0.0422689,0.5076174,0,0.0606602,0.0299001,0.0851255,0.4088465,0.163589,0.5535246,0.7122047,0.0595306,0,0,0.1078554,0,0,0.001926,0.0121818,0.1093238,0.0356821,0.8835952,0.5940624,0.0290968,0.5641492,0.1100931,0.2368471,0,0.6955573,0.6737152,0,0.5949419,0.6505548,0.6558405,0.6363553,0.2202615,0,0.5633477,0.6921934,0.0654657,0,0.6608308,0.6485243,0.1135472,0.1889588,0.6112633,0.6669252
"4108",0.6737638,0.6466138,0.02531,0.4109931,0.034582,0.5435747,0,0.0417363,0.1259338,0.075973,0.5122832,0.0469467,0.6608794,0.3709881,0,0,0.4287261,0.1162509,0.465117,0.5406752,0.0003204,0,0.1593013,0.0185357,0.6067122,0.6392101,0.0407864,0.5220656,0.0508777,0.19958,0.7400014,0,0.6666622,0.0896072,0.7126404,0.6790425,0.5788846,0.6115341,0.1594058,0,0.5956036,0.6228768,0.0525329,0.6155777,0.7380889,0.5995228,0.2290978,0.2640404,0.5969408,0.4762552
"4112",0.6697561,0.5880776,0.0746275,0.3913793,0.0074373,0.5238147,0.2679356,0.0087347,0.026609,0.0334501,0,0.2521829,0.5556404,0.3752554,0.0210698,0,0.3583895,0.0330401,0.4398934,0.5693488,0.0074203,0.0122592,0.1138107,0.0225831,0.5421916,0.5706554,0.1520067,0.4834454,0.0130728,0,0.6892063,0.5931253,0.6695942,0.0504094,0.7221993,0.6183963,0.5081386,0.5797544,0.1497443,0.4364803,0.6276632,0,0.0652276,0.676555,0,0.6978365,0.470756,0.5616919,0.6053499,0.5291711
"6049",0.5630516,0.5492084,0.0209997,0.5173885,0.0286802,0.5328931,0.2527918,0.0235526,0.0047575,0.0181,0.3523262,0.2537381,0.5124345,0.2663894,0.029435,0.5612752,0.3574058,0,0.540693,0.628492,0.000255,0.0175683,0.100411,0.0313302,0.6761191,0.5683173,0.0286061,0.5329667,0.0012946,0.2710661,0.5532246,0.6121459,0.5948869,0.1394997,0.6510608,0.6360355,0.5629197,0.6095694,0.2180732,0.4840765,0.6532342,0.6570752,0.0889462,0.6637515,0.5883906,0.5293106,0.1521033,0.5088174,0.5449965,0.6374145
"6053",0.6130212,0.4575355,0.0301172,0.3425013,0.0223774,0.5111397,0.3112951,0.0149268,0.0089743,0.0268548,0.4084955,0.3162873,0.5664555,0.2449972,0.0187075,0.5420032,0.3466486,0.0070899,0,0.6165326,0.0004604,0.6226868,0,0.0172381,0.5889236,0.6358037,0.1491033,0.4352377,0.0094503,0.2677373,0.6542067,0.6299848,0.6993938,0.0560852,0.5574758,0,0.6223451,0.6956961,0.2583756,0.3291547,0.5733078,0.7019733,0.0416639,0.659391,0.6034682,0.5831651,0.1936919,0,0.2418138,0.5359742
"6057",0.6484067,0.564495,0.0437529,0.4787882,0.0173061,0.5974914,0.2326677,0.0237414,0.0149216,0.0352134,0.3977813,0.2462508,0.5781946,0.2890636,0.0365529,0.4741517,0.3348674,0.0393475,0,0.6099243,0.0043058,0.7050867,0,0.0167753,0.6480468,0.5742949,0.0711878,0.5153254,0.024484,0.2484292,0.556996,0.608927,0.5801351,0.0904862,0,0.6431798,0.6768934,0.7104936,0.2096691,0.4039526,0.6519168,0.7633387,0.0918306,0.7860701,0.6726354,0.7132549,0.1789444,0.4509698,0,0.4333133
"6061",0.6820646,0.5502695,0.022495,0.4141244,0.0131193,0.4687681,0.2821509,0.0228857,0.0107277,0.0347638,0.5122734,0,0.6965111,0.3461048,0.0304746,0.4620203,0.3435871,0.0253557,0.400827,0.5567815,4.48e-05,0.0695169,0.1220305,0,0.6623017,0,0.0484167,0.5435129,0.022289,0.2058808,0.6306891,0.6030521,0.5749873,0.0744007,0.5886681,0,0.7101437,0.5993663,0.2147879,0.2826243,0.6823141,0.6447906,0.1222352,0.7300806,0.4910729,0.7292848,0.1744347,0.3483819,0.5992534,0.5654227
"6065",0.6843507,0.5212107,0.0198768,0.4012212,0.0411943,0.5148297,0.2630853,0.0103047,0.0276551,0.0205773,0.4832083,0.3094439,0.6476739,0.3085856,0.0632933,0.3103806,0.3900868,0.0213764,0.4925271,0.593123,0,0.0074397,0.0840006,0.0280592,0.6615236,0.6971272,0.0654301,0.3351904,0.010802,0.2174026,0.605229,0.6554192,0.7420429,0.0897925,0.650809,0.5745189,0.6348008,0.6485655,0.1158968,0.3265609,0.6849659,0.6510271,0.0705208,0.6046276,0,0.6325189,0.1217399,0.4919311,0.5874925,0.5779495
"6322",0.5614147,0.5951058,0.0337414,0.4484894,0.028237,0.5499481,0,0.0216977,0.0088287,0.033034,0.4514788,0.235367,0.5278483,0.2080667,0.0554394,0.422056,0.3971778,0.010227,0.5013382,0.5359388,0.0004019,0.0040961,0.1201247,0.0238869,0.6942283,0.6165236,0,0.5908414,0.0055147,0.319108,0.6194619,0.5583087,0.6013962,0.1219787,0.601135,0.6156386,0.6573164,0,0.173388,0.3970031,0.5843337,0.6887908,0.0467613,0.5626278,0.7200286,0,0.1681095,0.5880668,0.5836552,0.6536911
"6326",0.5932626,0.5294446,0,0,0.0217171,0.5281492,0,0.0064613,0.0097028,0.0089928,0.405862,0.2907909,0,0,0.0587655,0.4021258,0.310035,0.0102766,0.4404362,0.1900201,1.48e-05,0.2351668,0,0.1007079,0.5659668,0.6807528,0.0228075,0.5029114,0.0032413,0,0.3358017,0.665114,0.6254829,0,0.6622354,0.6214654,0.6589483,0.5758887,0.27919,0.2434694,0,0.6308619,0.0489113,0.5726265,0.618381,0.5993244,0.2921898,0.638867,0,0
"6330",0.5668738,0.4207894,0,0.2207967,0.0350827,0.384461,0.1769366,0,0.0026544,0.0056492,0.431237,0,0,0.0248604,0.0213986,0,0.3950361,0,0.4650808,0,0.0004347,0.3262777,0.039353,0.0454179,0.5836117,0.5558295,0.0437068,0.4486605,0.0276409,0,0,0,0,2e-07,0.7470319,0.5858983,0.5611181,0.7495856,0.2736574,0,0.5855932,0.6025707,0.0454369,0.8013888,0.716949,0.7107347,0.4543678,0.6605491,0.4433994,0.4079508
"6334",0.5768121,0,0.0513579,0.338129,0.0690315,0.4736723,0.2855233,0.0131923,0.0193262,0.0354464,0.3956666,0.2964535,0.6114429,0.0756725,0.0300552,0,0.4697553,0.039405,0,0.5441541,0.0001606,0.0582129,0.1082661,0.0752716,0.6453184,0.5859235,0.109001,0.4626205,0.0246754,0.2538934,0.5653939,0.6494782,0.6994311,0.1040643,0.7175166,0.6345436,0.604726,0.6333492,0.2540871,0.3594795,0.5876967,0.6225572,0.0630409,0.6608609,0.5417709,0.5790254,0.4000786,0.6846388,0.6869285,0.583363
"6338",0.6655612,0.5326461,0.0201042,0.3770783,0.0542731,0,0.2149969,0.0081613,0.0154589,0.0372996,0.4341172,0.22783,0.6160856,0.1766628,0.057088,0.3060302,0.3710395,0.0236377,0.4858865,0.5368531,0.0001598,0.008398,0.1121966,0.0116805,0.7127473,0.5574856,0.1194234,0.5421112,0.0165108,0.269861,0.6491078,0.6862705,0.6430627,0.0770212,0.7066617,0,0,0,0.1678954,0.301794,0.5799929,0.677016,0.0480733,0,0.497595,0.6386232,0.3812551,0.4581613,0.6209954,0.5747049
"10039",0.5925925,0.4970415,0.0220272,0.3782644,0.0101342,0.5734013,0.2219576,0,0.007027,0.024542,0.5206115,0.2744052,0.6967397,0.2808728,0.0313589,0.5416414,0.5204506,0.0064099,0.5079744,0.5737284,0.0004563,0.0044189,0.0972553,0.0190953,0.6741199,0.623773,0.0537391,0.5034815,0.0028529,0.3507487,0,0.7465754,0.6044435,0.1112829,0.5209238,0.7179189,0.6862787,0.7003173,0.2586147,0.4792394,0.6301428,0.6637336,0.065724,0.594215,0.6158796,0.6301575,0.1747804,0.494693,0.5452112,0.6424176
"10043",0,0.5289395,0.0386465,0.4490321,0,0.509048,0.2361064,0.0100489,0.1825631,0.0155991,0.6812376,0.2245475,0,0.1355624,0.0393569,0.4234959,0.4257612,0,0.5393524,0.6029852,0.0001524,0.4000672,0,0.0164042,0.6174117,0.5918524,0.0062478,0.6198434,0,0.2513337,0.8109368,0,0,0.1141518,0.6144612,0.5989531,0.5977592,0,0.1673065,0.390609,0.5892861,0.6760243,0.0432184,0,0,0.7097772,0,0.5333899,0.6204179,0.5543799
"10047",0.3827153,0.4737973,0.056619,0.3849249,0.0155042,0.5750405,0.2200586,0.0095202,0.1824817,0.0535186,0.5575424,0.3138776,0,0.0549701,0.0166221,0.4933117,0.3772113,0.0048429,0.544023,0.553117,0.0001137,0.3673288,0.1129964,0.0325635,0.5741714,0.6140715,0,0.5518564,0.0022121,0.3049495,0.6038564,0,0,0.0920059,0.6339536,0.6134262,0.6205358,0,0.2207673,0.3864146,0.5913818,0.6657969,0.0242856,0.4346714,0.5837669,0.5673674,0.1634892,0.5662634,0.6878986,0.5071828
"10051",0.7770244,0.4919644,0.01609,0.3825126,0.0137927,0.5830782,0.255112,0.0144696,0.022386,0.0417116,0.4950291,0.2504049,0.5189713,0.3299583,0.0308162,0.5657307,0.3141314,0.0085985,0.4075998,0.5035885,7.26e-05,0.0600917,0.0868755,0.0156782,0,0.7170663,0.0546717,0.4714245,0.0076902,0.19891,0.5876473,0,0,0.0739061,0.6893215,0.689192,0.7026972,0.6849898,0.2259723,0.3177316,0.5418487,0.8003677,0.0608813,0.6217255,0,0.6732703,0.1591639,0.3739154,0.5963286,0.5556485
"10055",0.6480548,0.5068807,0.0236986,0,0.0334284,0.5877106,0.274277,0.0219402,0.0081211,0.0144981,0.4572744,0,0.5860378,0.1808934,0.0464759,0.4570494,0.3945724,0.0054591,0.4947406,0,9.57e-05,0.0142201,0.1363234,0.0210385,0.6119136,0.7629941,0.068209,0.635712,0.012014,0.213533,0.7099371,0.7131078,0,0.0463767,0.7131363,0.6078275,0.5532036,0.4776193,0.151056,0,0.7951453,0.5925192,0.099642,0.5135219,0.5928024,0.7604323,0.1792126,0.5110319,0.66117,0.583572
"11614",0.6332738,0.5088924,0.0402952,0.5222501,0.0162437,0.4317071,0.2084891,0.0082511,0.015014,0.0196923,0.4639566,0.2944007,0.569583,0.2665655,0.0277564,0.4225577,0.3374875,0.010012,0.488416,0.5891378,9.48e-05,0.0058037,0.1148348,0.0265739,0.7759231,0.5753276,0.0331808,0.5014249,0,0.3058008,0.5781086,0.621386,0.7001513,0.0791625,0.6053447,0.6375254,0.7322909,0.7458767,0.2385747,0.3209278,0.6458146,0.5796304,0.0692986,0.6432854,0.5701122,0,0.2234307,0.5023287,0.6000176,0.6274513
"11618",0.6326767,0.5329577,0.027205,0.4219638,0,0,0.1869925,0.0089001,0.0031048,0.0726294,0.4685501,0.3425946,0.6785168,0.2459346,0.0166586,0.4473489,0.3806808,0.1076165,0.3491984,0.5896638,0.0003135,0.0122274,0.0638208,0.0374625,0.643778,0.6113713,0.0351769,0.7313209,0.0627337,0.2547064,0.7075257,0.5729124,0.5803519,0.086292,0.7767879,0.5730728,0.6579601,0.6984287,0.1233442,0.5969352,0.6645006,0,0.1225331,0,0.5929885,0.6052539,0.1381222,0,0.5397004,0.2970716
"11622",0.7183128,0.5792005,0.0232113,0.4349225,0.0084167,0.5529735,0.212408,0,0.0015552,0.0601411,0.4266328,0.2910453,0.700166,0.3076141,0.0428131,0.272875,0.4016891,0.080976,0,0.5524054,0,0.0070915,0.0895009,0,0.6918208,0.8743121,0.04883,0.5768523,0.0849456,0.2649951,0.6010299,0.7236341,0.6627258,0.0636921,0.623544,0.6522703,0.6443821,0.7395786,0.1757702,0.647192,0.6102213,0.5295287,0.1692683,0.5389166,0,0.5668732,0.2023044,0.2514801,0.699431,0.4277779
"11626",0.6190716,0,0.0307217,0.3382572,0.0113187,0.4942785,0.3086059,0.0089555,0.0181003,0.0431825,0.460906,0.3307531,0.6640631,0.2463233,0.0224642,0.1649555,0.3987276,0.0369865,0.3948858,0.6310998,0,0.0086408,0.1033328,0.0370639,0.6561342,0.6732696,0.2207415,0.5880206,0.021941,0.3412875,0.5708142,0.668852,0.614016,0.0918866,0.6051403,0.657202,0,0.6110155,0.1996105,0.3611955,0.6002852,0.6971613,0.1001645,0.6927945,0,0.5850934,0.4025928,0.3682577,0.642221,0.6359355
"11630",0.5947661,0.4647801,0.0581578,0,0.0284797,0.5181098,0.2788358,0.0150737,0.0056949,0.0280154,0.3734205,0.2997252,0.7149077,0.1485229,0.0309066,0.3535144,0.3489795,0.0229772,0.4384143,0.5801388,0.0003756,0.0077513,0.2146799,0.0267961,0.6713449,0.6798329,0.0889176,0.6836199,0.0234619,0,0.6940297,0.6816358,0.6983016,0.0489334,0.6082515,0.7292955,0.4700334,0.6369089,0,0.3346233,0,0.6815211,0.0746997,0.4791759,0.593532,0.6913746,0.2952225,0.4635106,0.4833729,0.6055434
"12139",0.5667646,0.5393169,0.0489428,0.4276376,0.0121392,0.6517253,0.2142752,0.0157915,0.0084894,0.0227508,0.3237912,0.2894389,0.5371401,0.212935,0.0432063,0.4773668,0,0.0272342,0.5689601,0.6998856,0.0002194,0.004557,0.0700133,0.0185023,0.6710872,0.5501945,0.0265079,0.5058439,0.0051876,0.3258377,0.6525533,0.7250911,0.6637623,0.1023678,0.6312314,0.6838057,0.6964655,0.6689432,0.2197521,0.4505117,0.5330115,0.5930041,0.0927767,0.5729501,0.7090688,0.6616093,0.1794203,0.5129693,0.5802594,0.743148
"12143",0.6624109,0.5327733,0.0379938,0.6270562,0.0100394,0.4875649,0.2140981,0.0105758,0.0016407,0.0505625,0.4175291,0.2700553,0.642271,0.228791,0.0129464,0.6071354,0.4181613,0.0131389,0.6271992,0.613261,7.17e-05,0.0025692,0.0413296,1.1e-06,0.0908191,0.6296702,0.3511807,0.5326526,0.0052066,0.4476008,0.623314,0.6000025,0.6537946,0.000584,0.5722433,0.6404069,0,0.6246647,0.3809386,0.3518068,0.5966253,0.7204165,0.1062585,0.5817738,0.7505961,0.4847192,0.0890656,0.5211252,0.6427036,0.3875278
"12147",0.7390442,0.5433904,0.0268692,0.5625307,0.0046427,0.5402955,0.131354,0,0.0047147,0.0276763,0,0.2765096,0.6257418,0,0,0.5403573,0.350801,0.014774,0.6077957,0.6293007,0,0.0151163,0.0452047,0,0,0.7465173,0.3502772,0.468028,0.0123759,0.357094,0.6266435,0.6364851,0.5528405,4.16e-05,0.6805383,0,0.3345254,0.5768243,0.3178817,0.4617984,0,0.5979709,0.0448344,0.7455274,0.5571181,0.6444231,0.1098399,0.6059191,0.6537987,0.4350287
"12151",0.6775507,0.6182355,0.0120759,0.507008,0.0157589,0.5455687,0.2207566,0.0029813,0.0301043,0.0661275,0.3991428,0.3191371,0.6236505,0.3136185,0,0.4465352,0.354571,0.0133825,0.6042005,0.5449025,0.0002795,0,0,0.0334586,0.7647452,0.5429764,0,0.5538367,0.0084654,0.2774672,0.6861597,0.7082028,0.7492895,0.094045,0.584057,0.7325382,0.5495864,0.5919986,0.2774148,0.5362586,0.7330841,0.6817906,0.0666513,0.7694582,0.7250868,0.6546919,0.1092568,0.4818812,0.6069762,0.6243253
"12155",0.627758,0,0.0164819,0.4065459,0.0166242,0.5180518,0.3058615,0.0174901,0.0075192,0.0480276,0.3783801,0.2519044,0.557751,0.3219028,0.0312389,0.4839403,0.4662273,0.0357405,0.5278897,0.5452554,0.0012462,0.0021597,0.1110442,0,0.6017545,0,0.038293,0.4654168,0.0022429,0.1821404,0.7223071,0.7204071,0,0.1076443,0.5824868,0.6461161,0.6394862,0.6450449,0.1665431,0.3327199,0.5757891,0.6290778,0.0832831,0.6270198,0.7240754,0.6349201,0.1394334,0.4469515,0.6511224,0.5738061
"14386",0.5479771,0.6534368,0.0336649,0.4098675,0.0286027,0.5922606,0.3088577,0.0070271,0.006721,0.0323216,0.4539684,0.3097371,0.6156025,0.3117689,0.0521477,0.4306387,0.3549946,0.0213346,0.4749936,0.5715483,0.0002836,0.0071308,0.0809865,0.0243162,0.5646011,0.7277837,0,0.5878612,0.0078167,0.3173162,0.6056941,0.8606897,0.6193781,0.1188272,0.6449449,0.7437717,0.7426402,0,0.3154834,0.440904,0.6525695,0.8053727,0.0599871,0.5688272,0.691803,0.6909262,0.1629041,0.5603986,0.5851868,0.598826
"14390",0.5618835,0.4805454,0.0614548,0.2473539,0.0309258,0.1380977,0.2855213,0.3800191,0,0.0508582,0.4281668,0.272352,0.1022904,0.3366475,0.0401641,0.4584314,0.3567685,0.0503662,0,0.405012,0.0001834,0.5218156,0.1093565,0.0239588,0.3073689,0.7077875,0.0889901,0.5158018,0.0004008,0,0.689657,0.6292134,0,0.004602,0.7405399,0.7368263,0.6903708,0.511916,0.0093224,0.126644,0.6605735,0.7787369,0.1693345,0.4545656,0.6288503,0.6803282,0.2000205,0.5884335,0.223825,0.2789237
"14394",0,0.1440908,0.4008953,0,0.2974089,0,0.2913606,0.2150893,0,0.0248749,0.4650592,0.29288,0.0726787,0.1817148,0.0521149,0.498818,0.38865,0.1068188,0.4647994,0,0,0.460638,0.1326127,0.0223573,0,0.6139219,0.0299613,0.5026612,0,0.1666991,0.6817042,0.7536863,0,0.0002084,0.647212,0.7031195,0.657471,0.6244653,0,0,0.6331297,0.6141829,0.065109,0.396526,0.6360962,0,0.2377394,0.4789047,0,0.3077421
"14398",0.3130149,0,0.1269817,0.3390987,0.2194979,0,0.1959048,0.0284405,0,0.0479353,0.4264061,0.3738699,0.4324132,0.3321715,0.0561182,0.4333709,0.4105266,0.0074945,0.4233278,0.5847367,0.0013269,0.1022499,0.1015453,0.0239641,0.608217,0,0.0260274,0.5057518,0.0138504,0.2083346,0.5721805,0.7633623,0.6288557,0.0564708,0.6781333,0.6448325,0.6620897,0.6670943,0.1233712,0.2542105,0.6602814,0.6504459,0.0537484,0.5829112,0.5957235,0.6392328,0.1322107,0.4945193,0.5217596,0.4331717
"14402",0.7387207,0.498702,0.0258331,0,0.0147209,0.6309166,0.291377,0.0143631,0.0161703,0.0230409,0.4327516,0.2723037,0.5949456,0.2214777,0.0372161,0.4870181,0.3550073,0,0.5191585,0.5570457,0.0006041,0.012788,0,0.0221002,0.6673933,0.6534351,0.0346206,0.513188,0.0135716,0.240835,0.6097414,0.6762091,0.6152388,0.091556,0.6286408,0.6904567,0.664364,0.7572323,0.1819223,0.4280102,0.5748639,0.7603978,0.0884969,0.7178134,0.5437657,0.5795621,0.1817712,0.6929852,0.6239419,0.4669053
"16444",0.6855779,0.4711959,0.0232376,0.4497173,0.0225126,0.4899854,0.2367057,0.0082498,0.0060351,0,0.498668,0,0.4890794,0.2618507,0.023751,0.5043081,0.3174925,0.0125387,0.5276273,0.5294223,0.0001124,0.0064982,0.1116913,0.0218525,0.6255557,0.5789161,0.0710558,0.5446227,0.0061181,0.2565332,0.5822015,0.695838,0.6353391,0.1111306,0.6621159,0.6333486,0.7145233,0.6708338,0.2696223,0.3906259,0.7225693,0.5952338,0.0804611,0.6389523,0.5841406,0.689103,0.1708602,0.5908429,0.5790611,0.664179
"16448",0.6611738,0.5851377,0.0009766,0.2777455,0.0301989,0.4673573,0.3644465,0.0089923,0.0895702,0.0029551,0.4449197,0.3114729,0.7238281,0.3048004,0.0842835,0.059764,0.3351724,0.062394,0.3964423,0.517452,0.0002529,0.0037862,0.0601277,0.1591248,0.6252186,0.6024736,0.2752375,0.4557336,0.1092603,0.0618441,0.6587255,0.6069643,0.6882911,0.0903715,0,0.7549003,0.1358233,0.7357603,0.1533491,0.2943799,0.7364084,0.3809905,0.045523,0.6187019,0.6316629,0.5744632,0.1895324,0.6032339,0.6377486,0.5054827
"16452",0.6612406,0.464419,0,0.3952099,0.0109692,0.464923,0.2243844,0.0057305,0.1449962,0,0.3809728,0.3028331,0.6379545,0.3591125,0.0127607,0.0007389,0.3450759,0.1666972,0.5126086,0.5713143,0,0.0064373,0.1427069,0.2369604,0,0.8411834,0.6169885,0.46407,0.1030429,0.0763828,0,0.7972193,0.6831757,0.0474007,0,0.6500132,0,0.6674073,0.1630222,0.3681956,0.577639,0.4552042,0.0814808,0.6112342,0.5966992,0.584487,0.24532,0.7267044,0.7630667,0.5260921
"16456",0.6377219,0.626124,0.0118572,0.4984692,0.0159214,0.4785137,0.2486445,0.0244376,0.0135926,0.0392177,0.4975472,0.2715889,0.7207355,0.097272,0.0465644,0,0.3338026,0.0791452,0.4565523,0.5026084,0.0001291,0.0083154,0.1073901,0.0811992,0.5798607,0.8028297,0.3729706,0.5249403,0.0157009,0.1487906,0.3433378,0.5259678,0.6609781,0.1039469,0.6050099,0.6266545,0.327886,0.6744948,0.1549021,0.2849892,0.6664775,0.6831772,0.0377303,0.5218505,0.5861367,0.6348279,0.4036203,0.6075506,0.5502627,0.5572958
"16460",0.619203,0.619049,0.0262527,0.3735788,0.0115625,0.4980352,0.2330247,0.0358586,0.0067204,0,0.4987042,0.2806195,0.6006717,0,0.0486249,0.4083911,0.410766,0.0155144,0.5579795,0.5694244,3.25e-05,0.0044937,0.0962013,0.040413,0.5722287,0.6074823,0.066298,0,0.0141937,0.2532261,0,0.6146014,0.6432194,0.0835564,0,0.6369933,0.4069192,0,0.1725276,0.3339156,0.6213537,0.6881482,0,0.6089711,0.5432153,0.6109245,0.204479,0.5495208,0.6613065,0.6436121
"17494",0.6723342,0.6516231,0.0243643,0.378966,0.0170368,0.779695,0.2941619,0.0076307,0.0112976,0.029185,0.4134184,0.3106711,0.5899093,0.2336139,0.0844893,0.5106142,0.3994008,0.0146794,0.4874312,0.6723013,0.0003493,0.0109824,0.0726474,0.0321693,0.6477278,0,0.0315732,0.5245431,0.0043163,0.2767747,0.5582831,0.670317,0.5874495,0.1145536,0.6239396,0,0.6142058,0.6411753,0.2106409,0.399302,0.6346159,0.5973315,0.0582491,0.5599828,0.5868557,0.6355245,0.2026075,0.5654392,0.5644533,0.6289768
"17498",0.7227955,0.5674249,0,0.6118299,0,0.5063069,0.260302,0.300052,0.0774343,0.0314053,0,0.5819802,0,0.2954114,0.0549691,0.5478241,0.3575417,0.0492198,0.408229,0,0.0002846,0.0007671,0.1726727,0.0176999,0.5533553,0.7742089,0.072379,0.45058,0,0.1899319,0.6740361,0.6476213,0.6304259,0,0,0.6573348,0.5404937,0.6216065,0.0445659,0.0807554,0,0.8079194,0.062317,0.4730386,0.5349179,0.6152298,0.1748241,0.4680099,0.6554259,0
"17502",0.7206629,0.6293377,0.005577,0.608301,0.0025155,0,0.2478092,0.2805917,0.0729207,0.0279995,0.3956321,0.5280513,0,0.2278824,0.0632283,0.6278022,0.3788706,0.0256028,0.3966926,0.5079624,0.0007953,0.0135418,0.096646,0.0227421,0.5458079,0.5825427,0.028678,0.5336945,0.0001979,0.216823,0.7172401,0.6855464,0.7263805,0,0,0.6289553,0.5393516,0.620598,0,0,0.631815,0.6936907,0.0960554,0,0.5568399,0.7130026,0.2521719,0.5131512,0.6651334,0
"17506",0.6069851,0.6116427,0.0175635,0.5290648,0.0123364,0.4248925,0.2587488,0.0237837,0,0.0128943,0.4414134,0.2801687,0.6223731,0.1475738,0.0688978,0.4424144,0,0.0113654,0.5692985,0.5236289,0.0001508,0.0057907,0.1103225,0.0067259,0.8000067,0,0.0420993,0.3944439,0.0067741,0.3305807,0,0.5962294,0.7360884,0.0737049,0.6582726,0.5727097,0.6403234,0.5976275,0.1077043,0,0.616016,0.622707,0.0369977,0.5126989,0.6380594,0.6793677,0.1330807,0.5759145,0.6782085,0
"17510",0.6272579,0.5533803,0.0799249,0,0.0611668,0.4882377,0.3168662,0.0414343,0.004809,0.036238,0.4048137,0.2440109,0.5592707,0.3086703,0.0341635,0.4801078,0.3967657,0.0332149,0.42931,0,0.0013483,0.0086502,0.1314096,0.0149038,0.7902953,0.7248957,0.0391017,0.6599823,0.0246425,0.2371144,0.5780674,0.6776563,0.669527,0.0354619,0.6542335,0.5946907,0.6276833,0.6571845,0.1972488,0.2885136,0.600386,0.595039,0.0421275,0.6630705,0.5257056,0.4348585,0.1597408,0.5005973,0.6834096,0.615566
"20749",0.6679567,0.5849067,0.0311816,0.4045731,0,0.4757596,0.2601863,0.0098695,0.007594,0.0378949,0.3551665,0.2372626,0.5362883,0.2337429,0.0539878,0.4861242,0.3799622,0.0101931,0.528313,0.5808338,0.0001793,0.0072049,0.0859817,0.043829,0.6803123,0.683005,0.0163374,0.6936759,0.0050125,0.3606294,0.6097827,0.6789464,0.5969239,0.0930038,0.6075547,0.7305277,0.7289981,0.6669071,0.1749278,0.4358303,0.6856141,0.5746857,0.0515748,0.6558357,0.5526356,0.5419569,0.1378997,0.5443335,0.5921386,0.7058844
"20753",0.4979903,0.5804024,0,0.7555935,0.0217208,0.4944875,0.346765,0.0226036,0.1905606,0.0033424,0,0.2478475,0.6685516,0.0181708,0.0571342,0.438418,0.3490672,0.3027679,0.4392978,0.5854342,0,0.5237866,0.0993582,0,0,0.5747208,0.050042,0.5398697,0,0.2681474,0.6205271,0.667037,0.6136976,0.0590019,0.6882985,0.6818446,0.5470526,0.7033988,0.1567587,0.3700692,0.4084965,0,0.0463697,0.8068894,0.6473212,0.5924722,0,0.2030479,0.5285509,0.5400129
"20757",0.3737904,0,0.00319,0.5983167,0,0.5788528,0.277777,0.0199942,0.2709628,0.0150889,0.4817409,0.2138787,0.6233801,0.0208749,0.0322222,0.4110549,0.3350067,0.3072883,0.3386398,0.4954396,0,0.6398318,0.0732529,0.0068988,0,0.6485191,0.0685632,0.4498311,0,0.2405305,0.5140455,0.7305745,0.6935029,0.0875211,0.5958729,0.6700313,0.5789926,0,0.1781556,0.4589041,0.4017267,0.510731,0.0564518,0.695954,0.693101,0.5939519,0.0934829,0,0.6259086,0.600885
"20761",0.6101374,0.5682832,0.038058,0.38513,0.0102044,0.6202639,0.293934,0.024621,0.0590229,0.0233217,0.3655162,0.3059608,0.6715321,0.1936154,0.0528213,0.4831191,0,0.0607928,0.5101256,0.554414,0.0004047,0.102391,0.0966567,0.0269027,0.5897083,0.6421188,0.0535763,0.3992065,0.0126563,0.3180896,0.7363242,0.6289038,0.7214569,0.0616293,0.6088286,0.6222137,0.6513508,0.7748032,0.2355028,0.2618181,0.4666016,0.6352199,0.1107193,0.6812337,0.621708,0,0,0.4217615,0,0.5383969
"20765",0,0.5995986,0.0530773,0.4134142,0.0113248,0.4719822,0.2900709,0.0111593,0.0137862,0.0321191,0.5255626,0,0.664907,0.282891,0.038188,0.446959,0,0.0065173,0.3890308,0.4636752,0.0031365,0.0086539,0.117775,0.0406852,0.5722581,0.5994252,0.0406187,0.5226575,0.0145532,0.2732059,0.697272,0.616664,0.6791647,0.0906437,0.706059,0,0.6082934,0.6491827,0.1227541,0.2605041,0.6219399,0.6326617,0.0519612,0.6198783,0.6594051,0.5791649,0.2673308,0.398311,0.7708423,0.6078281
