"G1","G2","G3","G4","G5","G6","G7","G8","G9","G10","G11","G12","G13","G14","G15","G16","G17","G18","G19","G20","G21","G22","G23","G24","G25","G26","G27","G28","G29","G30","G31","G32","G33","G34","G35","G36","G37","G38","G39","G40","G41","G42","G43","G44","G45","G46","G47","G48","G49","G50"
"1408",0,0.6349549,0,0.5333852,0.0189163,0.1988465,0.0335973,0.2051825,0.0439312,0.4299277,0.6233648,0.5284729,0.7150908,0.017508,0.0423583,0.5753406,0.6688788,0.6381864,0,0.6328728,0.0398211,0,0.5974991,0,0.207588,0.6665693,0.6255162,0.309656,0.5785122,0.0298987,0,0,0.7118207,0.1866625,0.2117617,0.0174076,0,0.6167211,0,0.0401279,0.0114885,0.5916188,0,0.1283872,0.5704447,0.5737656,0.0575694,0,0.0234248,0.1604427
"1412",0.0157848,0.7005445,0.1285889,0.4940597,0,0.200166,0.0300243,0.1366102,0.0395314,0.5100363,0.6489944,0,0.6754244,0,0.0002977,0.610188,0.6102477,0.5258758,0,0.0651648,0.0284032,0,0,0.728808,0.4732343,0,0,0.3178749,0.6401826,0.0717905,0.1925638,0,0,0.1592879,0.4681894,0,0.0124718,0.5471284,0.7264797,0,0,0.6454211,0,0.1420779,0.58494,0.6211134,0.53062,0.7091447,0,0.1690713
"1416",0.0410574,0,0,0.5334674,0,0.1445199,0.033565,0,0.0632883,0.4487743,0.6239878,0.3732182,0.7205051,0,0.0101218,0,0.5983042,0.5751483,0,0,0.0415376,0,0,0.7466854,0.5720543,0.0108378,0,0.3632509,0.6779339,0.3161223,0.1167298,0.1032868,0.2458163,0.4701717,0.6059061,0,0.0140023,0.5774777,0.6491208,0,0,0.8339946,0,0,0,0,0.6303506,0.663224,0.0345597,0.1894917
"1420",0.032513,0.6245387,0.7170546,0.550158,0,0.2462607,0.0194699,0.1537757,0.0405196,0,0.7160036,0.4067426,0.6868268,0,0.0394407,0.6242986,0,0,0.0079615,0.6737368,0,0,0,0,0.3935992,0.6315977,0,0.1070533,0.6373174,0.1378232,0,0.1273063,0.6518528,0.4170284,0.4996777,0,0.0207923,0.7931742,0,0.0160366,0.0083098,0.6308728,0,0.1252568,0.4585275,0.6875852,0.3427751,0.7147316,0.0640288,0
"1424",0.016618,0.7635757,0.6168727,0.5594032,0.0184417,0.2349787,0.016477,0.1386001,0.0163703,0.4029383,0.6584143,0.3818557,0,0.0242964,0.0536211,0.6342243,0.6657096,0.580166,0,0,0,0.5974154,0.6269049,0.6240169,0.2155361,0,0.4791044,0.0378024,0.6402677,0.0159633,0.5129671,0.155499,0.5554001,0.1627504,0.1921722,0.0213437,0,0.6463321,0.7504796,0.0117756,0.0076036,0.7564002,0,0.1272289,0.5086074,0.6753329,0.0603124,0,0.0431449,0.1659757
"1975",0,0.5204037,0.589441,0.5820079,0,0.2179956,0.0143194,0.1818257,0,0,0.743581,0.3966337,0.6464692,0.0198232,0.0187409,0,0,0.635767,0.0029947,0.6739279,0.0345179,0.6716657,0.4939439,0,0.2385199,0,0.5572597,0.2691804,0.6579502,0.0144912,0.3689346,0.2205552,0.6588923,0,0.2025242,0.0259824,0.0039461,0.6579235,0.7601083,0.0464559,0.0330608,0,0,0,0.49311,0.6303739,0.073315,0.7573263,0,0.1431884
"1979",0,0.5789207,0.667956,0.6624994,0.0303506,0,0.0019647,0,0.0017099,0,0.487523,0.4527953,0,0.0001955,0.0229436,0,0.5901587,0.2741345,0.0022834,0.6347411,1.96e-05,0.662918,0.5419272,0,0.1735193,0.7508088,0.5127413,0,0.7302446,0.0161609,0.522914,0.286417,0.6488871,0.0623359,0.0803603,0.0261758,0.0186694,0.6765001,0,0.0061654,0.0088503,0.5567926,0.0645044,0,0.5758805,0.55722,0,0.7219499,0.0291073,0.161965
"1983",0,0.6997191,0.5525319,0.6941189,0.0188509,0,0.0169631,0.1505564,0.0050883,0,0.4782456,0.3898018,0.6493505,0,0.0414184,0.2209018,0.6575037,0.2583899,0.0108854,0,0,0.5567525,0.6163304,0.4724799,0.1598239,0.643522,0,0,0.6028355,0.0089633,0.5744472,0.2619272,0.7485616,0,0,0.0183942,0.00697,0.6506855,0,0,0.0005325,0.6560355,0.075775,0,0.531386,0.6718702,0.0592057,0.7146799,0.0533226,0.1685143
"1987",0.0162106,0.6084881,0,0.5525867,0,0.3322901,0.0020117,0.1426804,0.0422362,0.2880104,0,0.3582489,0.5814127,0.0189014,0.0360056,0.5329469,0.5700692,0.4794328,0.0048759,0.7186614,0.0347466,0.6523679,0.6075279,0.5542195,0,0.6339111,0.5063227,0.1864914,0.6239136,0.0128125,0.5708047,0.2671124,0.637639,0.0825719,0,0.0396727,0,0.641627,0.6376434,0.0373354,0.0090938,0.5648471,0.0756491,0.1461558,0.4771783,0.5619572,0.0624447,0.6158804,0.0283612,0.1549025
"1991",0.0090115,0.6868173,0.5839416,0.5339767,0.0330848,0.1896794,0.0192336,0.1841707,0.0528574,0,0.5941652,0.4675802,0.6483663,0.0429817,0.011543,0.659266,0.5926834,0.4497849,0.0091311,0.6498119,0.0137563,0.5378576,0,0.5761265,0.2795721,0.638237,0,0.1332246,0.5988458,0.0156226,0.3665816,0.1797845,0,0.1089872,0.1516873,0.0269279,0.0132916,0.5972343,0.514003,0.0061839,0.0269566,0.6795699,0.0830976,0,0.5305983,0.6426588,0.073652,0,0.0411304,0.2523104
"4810",0,0,0.4542099,0.483066,0,0.2131605,0,0.1421601,0,0,0.5343361,0,0.7036077,0.018912,0.0328603,0.4630605,0,0.535531,0,0.6090862,0.046553,0.6373724,0.4142263,0.6541911,0.2470787,0,0.6064929,0.2857532,0,0.0201672,0.4543459,0.2016328,0.6592614,0.1668221,0.2532402,0.020794,0.0176585,0.6129555,0.7512026,0.0212895,0.027987,0.6982268,0.0769306,0,0.4419012,0,0.0879143,0,0,0.2036135
"4814",0.0191589,0.5841927,0.661225,0,0,0.1942516,0.1514232,0.0049251,0.0706511,0,0.5925512,0,0.7443541,0,0,0.5680564,0,0.5900889,0.0010143,0.6563446,0.0365526,0,0,0.5687872,0.1860835,0.6457075,0,0.1511289,0.5993559,0.0085661,0.5265867,0.2155045,0.6132732,0.1544593,0,0,0,0.6910674,0.6019878,0,0,0,0.0798303,0.0946129,0,0.8005808,0,0,0.0243327,0.2201542
"4818",0.0334125,0,0.5970085,0.3341594,0.0310479,0,0.1975585,0,0.0335598,0,0,0.3167603,0.6989489,0,0,0.6587603,0,0.6504857,0,0.5933621,0.019088,0,0.7015903,0.6784887,0.2609976,0,0.4997308,0,0.5821129,0,0,0.1925117,0,0,0.1482226,0,0,0.6121631,0,0.021271,8.84e-05,0.6046348,0.084249,0.1343866,0.4729391,0,0,0.5552514,0.0472389,0
"4822",0,0.5801214,0.6979467,0.4769967,0.042943,0.1864769,0.0388164,0,0.0314799,0.3895315,0.7713976,0,0.6748785,0.0675972,0.0247337,0.5268893,0.6275707,0.5845394,0.0022414,0.7092495,0.0483958,0.6132775,0.6769134,0,0,0.7214813,0,0.0764216,0.6119943,0,0.4687473,0.1874222,0.6096403,0.2587218,0,0.0148981,0,0.616533,0.6725014,0.024218,0.0063244,0.6690653,0.0709802,0.1237437,0.5363602,0.6373403,0.0487401,0.8107387,0,0
"4826",0,0.643739,0.6939785,0,0.0525644,0.1483527,0.0508968,0,0,0.3895966,0.6124725,0.3818382,0.6703082,0.031565,0.0167505,0.5673141,0.5076879,0.6311324,0.0008964,0.5838529,0,0.6517046,0.51734,0.5079418,0.2792819,0,0.485104,0,0.5988015,0,0.4379917,0.198651,0.6650168,0.1312269,0.2406753,0,0.0112358,0.6515575,0,0.0111334,0,0.6397896,0.0999507,0,0.4825662,0.5540956,0,0.6660401,0.0277918,0
"6511",0.0227388,0.6200314,0,0.4611322,0.0362341,0,0.0230934,0.1890298,0,0,0.5812002,0.4440894,0.6407753,0,0.0324247,0.4797855,0.6703804,0.6841799,0.0052363,0.6554595,0.046673,0.7195309,0.5693014,0.579274,0.2220451,0.6272263,0.518712,0.2920992,0,0.019953,0.3888196,0.2018995,0.731599,0,0.236745,0.0100542,0,0,0.7027865,0.0272414,0.0283384,0.627375,0.0840688,0.1272391,0.5387014,0,0.0558313,0.6662834,0,0.1660448
"6515",0.0248689,0.6508319,0.6358867,0,0,0.2156535,0.0132927,2e-07,0.148577,0.5479788,0,0,0,0.0125096,0.0232794,0,0,0.6183265,0.0047843,0.5672118,0,0.640189,0,0.755538,0.2055953,0.5547727,0.6862382,0.0565575,0.5210024,0,0.4777924,0,0.617269,0.0001213,0,0,0.0032237,0.6727978,0.6565649,0.0121278,0.0252245,0,0.1265146,0.1298375,0.633201,0.7088455,0,0.6296529,0,0
"6519",0.0556829,0.7103762,0.6982692,0.1932159,0.0511711,0.3087728,0.3315797,0,0.1962874,0.6515784,0,0,0.7012558,0.0270516,0.0164082,0,0,0.5542934,0.0039894,0.6764419,0.0002651,0.4999811,0.4595688,0.5877717,0.2254442,0.666485,0.62377,0,0.5215905,0.0157144,0.5731213,0,0,0,0.2685697,0,0.0061573,0.5694399,0.7110292,0,0,0.2123759,0,0.1464914,0.6479945,0.5550067,0.0082676,0,0.0321311,0.0974548
"6523",0.0356404,0.6342959,0.6199536,0,0.1156828,0.2004642,0.550732,0.1288653,0.0659004,0.6496038,0,0.1314551,0.6592231,0.1818495,0.0387265,0.2643117,0,0,0.0013437,0.6272249,0.0277879,0.7258281,0.6326717,0,0.1348798,0.6115823,0,0,0.6226896,0,0.4160962,0.2031141,0.6358824,0.21628,0,0.0017703,0.0100494,0.5143066,0.6776958,0,0.0136354,0.5832332,0.0850421,0,0.5687423,0.6365059,0.0667152,0.6300775,0.0422108,0.1641596
"6527",0.0383386,0.6728979,0,0.5337267,0.0564778,0.2289133,0.0507185,0,0,0.5775801,0.6904138,0,0.5999496,0,0.0276142,0.5349554,0.5098942,0.645834,0.0069459,0.612943,0.0134538,0,0.6689188,0.6248376,0.269448,0,0.4998309,0.1142011,0.5751903,0,0.5369459,0.2457714,0.7047271,0.1719997,0.2028328,0.0271344,0.0067524,0.6614886,0.6254156,0.0382703,0.0114048,0.6537748,0.0557456,0,0.4690765,0.6558145,0.0563818,0.7130483,0.0398337,0.1968105
"6805",0,0.6172734,0.599125,0.4627859,0.0276113,0.1484967,0.0373133,0.1554908,0.0519405,0,0.597112,0.4101624,0,0.0181751,0.0212824,0,0.6392186,0,0.0054102,0.5762455,0.0470773,0.7243193,0.5500594,0,0.1948847,0.5695983,0.496895,0.2234007,0.5298327,0.0156869,0.3378269,0.1976323,0.7574555,0.1470168,0.1686123,0.0381536,0.0078688,0.5794811,0.6875864,0.0323206,0.026139,0.6166679,0.0675484,0.1575773,0,0.549672,0.0462199,0,0,0.1801
"6809",0.0233326,0.641182,0,0,0.0242747,0.1175484,0,0.12915,0.0455922,0.4403272,0.6312361,0,0.5026159,0.0055774,0.0087734,0.2204457,0,0.1888438,0.0010213,0,0.0496568,0.6851299,0,0.4668896,0.2107897,0.6266239,0.5135392,0.0191671,0,0,0.495193,0.1865015,0.6011742,0.108228,0.2266795,0.0145245,0.0025783,0.5461967,0.5693714,0.0631562,0.00852,0.7012756,9.3e-06,0,0.7137234,0.7298204,0.0610697,0.6535423,0,0
"6813",0.0482981,0.6426697,0,0,0,0,0,0.1308667,0.0434663,0.3936408,0.590831,0.3832468,0.5484457,0,0.0019847,0,0.6257404,0,0.0043676,0,0.0311644,0.6465586,0,0.4486526,0.1856284,0,0.5355244,0.0184912,0.7186583,0.0125223,0,0,0.665362,0.1811627,0.2571353,0.0362064,0,0.5446222,0.5122827,0.0420904,0,0.7388348,0.0014675,0.0894193,0.7732154,0.6376992,0,0,0.0554272,0
"6817",0.0361879,0.6478604,0.6372343,0.6754825,0.015267,0.216777,0.0516738,0.1686854,0.0566377,0.326899,0.5417344,0.3944761,0.6356512,0.0230686,0.0547569,0.6075194,0.7126613,0,0.0053087,0,0.0242217,0,0.690372,0.5511867,0.2527216,0,0.6245549,0.1197844,0,0.0396636,0.4111658,0.2315227,0.6482842,0.147864,0.2363785,0.0193114,0,0.6144281,0,0.015486,0.0108559,0,0.0888651,0.1370832,0.4840907,0.6481231,0.0408124,0.7723343,0.0349909,0
"6821",0.0308906,0.6803468,0.6102736,0.5865801,0,0.2213435,0,0.2189899,0.0250602,0.4068021,0.5685256,0.4503492,0.5085347,0.0329397,0.0214839,0.5611772,0.5605186,0.6045305,0.0083355,0.6413191,0.0335564,0.7064553,0.6296666,0.6450064,0.1960847,0.7298229,0,0,0.6469274,0,0,0,0.551328,0.2296175,0.1787781,0.0213285,0.0092997,0.6339001,0.6677704,0.0336873,0.0129553,0.6247494,0,0.1255239,0.4869343,0.6439731,0.0710428,0.917988,0.0275398,0.1996547
"9451",0,0.6001098,0,0.4770586,0.0127836,0.1909501,0.0212389,0.2216177,0.024717,0,0.5839557,0.4229002,0.6255585,0,0.0375114,0.5517816,0.6469274,0.6745625,0.0031587,0.7142009,0.0340173,0,0,0.6492303,0.2430043,0,0.5442887,0.281668,0,0.0283609,0.438714,0.2040992,0.7123027,0.1509313,0.2061638,0.0366675,0.0112626,0,0.6632292,0.0238358,0.0124398,0.5656274,0.1205115,0.1053164,0.5228648,0.6059891,0.078723,0.6101905,0.0140359,0.163018
"9455",0.0272945,0.7526832,0.4832783,0.1532774,0.0825013,0,0.6009169,0.0878321,0,0,0,0.5105334,0.6972181,0,0.0111444,0.7372656,0.7837154,0.6205548,0.0094421,0.6885252,0.0321845,0.7749685,0.5269735,0.7415309,0.1807492,0,0.4824078,0.5500742,0.6191089,0.0200738,0,0.0134372,0.0355934,0,0.3408566,0,0.508412,0.6651396,0.6966409,0.0083776,0,0.5534168,0,0.002449,0.5539933,0.6850393,0.0432596,0,0.0313681,0
"9459",0.0293746,0,0.6545115,0.0897745,0.1926338,0.0162022,0.6331929,0.0721825,0,0.4775041,0.6367246,0.4871922,0.507306,0.0091752,0,0.4972264,0.6200665,0.7126588,0.0034323,0.6292074,0,0,0.4598981,0.4914014,0.1797105,0.7826025,0.3665063,0.5396462,0.6619494,0,0.7134951,0,0.0270858,0.1201044,0.0547612,0.000205,0.5971328,0,0.6815288,0.0231375,0,0.6474869,0.0938262,0,0,0,0.0532592,0.6662132,0.0308717,0
"9463",0.0237971,0,0,0,0.0460228,0,0.2051647,0.1454533,0.042176,0,0.6519401,0.2364655,0.6336512,0.0144232,0.0201404,0.6026012,0,0.5980301,0.0049233,0,0.0349514,0.6489818,0.5590592,0.5065389,0.2297345,0.7161657,0.5035805,0.2108043,0,0,0.5291786,0,0.6963013,0.103768,0,0,0.0716095,0.4998464,0,0,0.0094976,0.6947018,0.0773742,0.1545704,0.5062352,0.6401415,0.0480032,0,0.0359585,0.1916483
"9467",0.05368,0.632051,0.6435852,0.4872068,0.0278375,0.2412178,0,0,0.0544369,0.3849306,0.6358557,0.3794667,0.5968223,0.0220131,0.0098598,0.6120794,0,0.622684,0.0031896,0.6720346,0.02951,0.5390702,0.6803145,0,0,0.5759498,0.5390111,0.0837301,0.6206115,0.0073851,0.5706787,0.2385355,0,0.1138335,0.1502215,0,0.0124462,0,0.6065154,0.051688,0.0105375,0.6266748,0.0605592,0,0.4974218,0.6233121,0.0791724,0.6672935,0.0170664,0
"10102",0,0.6304539,0.6210341,0.5419496,0,0.1678533,0,0.1481102,0.0399524,0,0.5529579,0.4229328,0.6427954,0.0140406,0.0264707,0.5336793,0.7307348,0.6574234,0.0015051,0.6322714,0.0395856,0.6412455,0,0.6696396,0.2360561,0.6718109,0,0.2474926,0,0.0321843,0.5359798,0,0.6305827,0.1902327,0.2150168,0.0266326,0.0077235,0.6355251,0.7686467,0.028796,0.0174937,0.6034324,0,0.2054855,0.5280162,0,0.0469976,0,0,0.2203248
"10106",0.0002707,0,0.5068296,0.402108,0.0104318,0,0,0.1975588,0.1578705,0.5738801,0,0.3986607,0.677339,0.0031825,0,0,0.6531161,0,0.0003524,0.68236,0,0.3100011,0.5618454,0,0,0.6334672,0,0.2093374,0.6303968,0.0148791,0.5491891,0,0.660926,0.1773724,0,0.0378506,0.0001367,0.6676002,0.7246937,0,0.0099275,0.5963767,0.104185,0.0888399,0.5673978,0,0.0142628,0.6646037,0,0.1614609
"10110",0.0011088,0,0.5991734,0,0,0.086295,0,0,0.2832466,0.5930671,0,0,0.6870485,0.0054035,0,0.0734218,0,0.6239704,0.0001125,0.6662886,0,0,0.5876623,0,0.1063257,0.5146073,0,0.31097,0.666259,0.032578,0.7709451,0,0.6597505,0,0,0.0674565,0.0006934,0.6839503,0,0.0128717,0.0237037,0.6839148,0,0.1438891,0.5386393,0.5824961,0,0.6926303,0.041581,0.1243903
"10114",0.0708547,0.6672572,0.6543444,0,0.1278079,0.3054455,0.6727457,0,0.098186,0.5945709,0.5617151,0.1986367,0.6838787,0.1810888,0.0246754,0,0.0606549,0.6005926,0.0029105,0.6984321,0,0.5785276,0.5723522,0.4995181,0,0.6727957,0.5136723,0,0.6330388,0,0.5232665,0.2415319,0.5885212,0.1614851,0.1115742,0,0,0,0.6714022,0,0.0115691,0.6201207,0,0.1628311,0,0.6435348,0.0705926,0,0.0468651,0.166379
"10118",0,0.5744324,0.7345396,0.5472423,0.0595628,0,0.1175728,0.114386,0.0192443,0,0.6135708,0,0.8126803,0.0245081,0.0284122,0.5920757,0,0.5541697,0.0026217,0.700412,0.0257461,0.7556587,0.4657041,0,0.1959625,0.5940124,0.4939877,0.177483,0,0.0103528,0,0.1902415,0,0,0.2662128,0.0093745,0.0150605,0.7327385,0.6354199,0,0.0114702,0.6279955,0.0816091,0.1256121,0.5093232,0.671532,0,0.5727678,0,0
"11887",0.0212133,0,0.6290203,0.4853649,0,0.2787464,0.0346791,0.1592537,0.0449065,0.3740923,0.6730121,0.4888889,0.6094276,0.027143,0.0172325,0.5550257,0.6037211,0.620768,0.0089816,0,0.0547699,0.6260925,0.5649374,0.6204691,0.2019379,0.7352398,0.4883916,0.3488461,0.6330216,0.0171073,0.4112172,0.2177216,0.6171591,0.2008718,0.2118326,0.011177,0.0086829,0,0.6900278,0.0526821,0.0388061,0.5403737,0.0923502,0.1305038,0.5210121,0.6033574,0.0920795,0.6336436,0,0.1862809
"11891",0.0010195,0.6537685,0.5336076,0.1618596,0.0890955,0,0.5130048,0,0.2347665,0.588123,0.0259947,0.1841881,0.664414,0,0,0,0.2649418,0.6396067,0,0.6673732,0.0308101,0.6988145,0.7224823,0.6981927,0.2062055,0.6157054,0,0.0739849,0,0.0145279,0.4835376,0,0,0.0024154,0.2045835,0.0563641,0.0077783,0.6151546,0.7444026,0,0,0,0,0.137391,0,0.5096793,0.0089004,0.7777221,0,0.1718041
"11895",0.0020952,0,0.651004,0.0487481,0.4758167,0.1580127,0.5747157,0,0.5484709,0.5463075,0,0,0,0.0653267,0,0,0.0029023,0.5154133,6.29e-05,0.2239882,0.0490288,0.6377414,0.5430114,0,0.2953207,0.7217224,0.2379463,0.0199862,0.6024875,0.0196946,0.5082477,0.0138079,0.4294573,0,0.1622845,0.0331029,0,0,0.5209859,0.0359424,0,0.4428815,0.0704316,0.206261,0,0.5565509,0.0033072,0.6799463,0.0203865,0.1580949
"11899",0.0288099,0.5651844,0.6517185,0,0.3461897,0.2255527,0.615557,0.1433516,0.1322735,0.7721927,0,0.0950162,0.6172812,0.5876568,0.0146733,0.1054576,0.0003629,0.6169306,0.0003065,0,0.0237372,0.7062204,0.627675,0,0.2210785,0.6287833,0.5635633,0,0,0.0299543,0.5498922,0.1919282,0.594763,0.1623672,0.1537201,0.026549,0,0.6822969,0.7467915,0.0265603,0.0144193,0.5862808,0,0.1861343,0,0.7691324,0.0678247,0.6680819,0.014347,0.135782
"11903",0.0224648,0.6875776,0.6722008,0.3345845,0.0687527,0.189835,0.2342881,0,0,0.3998338,0.6811269,0.1857021,0.719421,0.0936369,0.0547058,0,0.2539889,0,0.0076061,0.6576982,0.0308111,0.8324658,0.6016646,0.5617701,0.1878006,0.7295208,0,0.1331534,0.6024239,0,0,0.2251729,0,0.1439404,0,0.0230731,0.0092831,0.5790757,0,0.0336685,0,0.68611,0,0,0.4385586,0.5418173,0.062808,0.6728255,0.0204063,0.1739841
"17074",0.0290788,0.5118748,0.6239349,0.6371762,0.0170933,0,0.033179,0.1800321,0.0529739,0,0,0.3721779,0.5745883,0,0.0190466,0,0.6407798,0,0.001465,0.6519505,0,0.7385654,0.57936,0.624456,0.2368258,0,0,0.2818084,0.5693458,0.0210497,0,0.164695,0.55532,0.1639495,0.1714347,0.0225128,0.0079178,0.6505744,0.734971,0.0247232,0.0134567,0,0.1177976,0.1770723,0.5153685,0.5848536,0.1155968,0.667255,0.0324269,0.1248359
"17078",0.0412334,0.679397,0.0319048,0.4979579,0.0266107,0,0,0.1991304,0,0.3265885,0.580947,0.5038513,0,0,0.0192792,0.7279348,0.6247098,0.5410196,0.0005634,0,0.0331371,0.5435823,0,0.752754,0.2673208,0.7611402,0,0,0.5659207,0,0.5236132,0.2457814,0.698028,0.1665202,0.2075263,0.0299759,0,0.5269529,0.6437496,0,0.0236475,0,0.1131815,0.1590239,0.5147233,0.6190681,0,0.5180562,0.0401466,0
"17082",0.0275288,0.6229428,0.0477794,0.4990206,0,0.0231775,0,0,0.0025445,0.3240584,0,0.5097589,0,0.0499444,0.0355929,0.6250018,0.5256631,0.4384335,0.0004273,0.4961664,0.0295392,0.6388299,0.5620971,0,0.1515855,0,0.7543046,0.0405946,0,0.0016492,0.3858704,0.1862744,0.7927706,0,0.3091487,0.0348653,0,0.5863906,0.7428532,0.0217555,0.0127659,0.2780659,0.097289,0,0,0.5806098,0.05787,0.6332329,0,0.1278306
"17086",0.0256666,0.5537555,0.5551573,0.6875464,0.0255461,0.1831421,0.0124268,0.1259369,0.0406111,0,0,0,0.6114127,0.0217576,0,0.5516604,0.5470629,0.6482943,0.0064636,0.3394761,0.0277904,0.6303293,0,0.6878142,0.2122072,0,0.5371545,0.0704832,0.6782662,0.0190742,0.4749748,0.2899793,0.6532596,0.1503698,0.2253986,0.0257902,0.0198692,0,0.6174663,0,0.0071499,0.5681455,0.0955675,0,0.455097,0.7227192,0.0467529,0.6742065,0.0213636,0
"17090",0,0,0.6206141,0.5559105,0.0165524,0.2367595,0.0121632,0,0.0244442,0.2749277,0.6765449,0.3323056,0.5952365,0.01566,0,0.5802589,0.6168175,0,0.0085316,0.6231495,0.0493516,0.6910731,0,0,0.156707,0.7589291,0.4235338,0.1672469,0.7031022,0.0024392,0.4396255,0.1289441,0.6481132,0.1508499,0.218281,0.0362888,0.0041832,0.6779481,0,0.0224011,0.0056305,0.5554206,0.0947359,0.1379725,0.4924534,0.6876317,0.0368842,0.7705484,0.0457284,0.1907324
"19027",0.0202494,0.5602568,0.5430414,0.469194,0.0174086,0,0,0.2328164,0,0,0.6148146,0.4130785,0,0,0.0203894,0.6098999,0.6276958,0,0.0013633,0.6844522,0,0.5616082,0.594372,0.6207037,0.2269995,0.7525342,0.5847891,0.218006,0.5973746,0.023696,0,0.2117716,0.6835674,0.1382813,0.1822915,0.0156905,0.0084101,0.6383036,0.7168322,0.0343285,0.0259464,0.6201712,0.0746047,0.1703913,0.4705979,0,0.082112,0,0.0176608,0.1962742
"19031",0.0006646,0,0.3249313,0,0.0697723,0.1715501,0.1347873,0.1432652,0.0216073,0.6120624,0.5758939,0.4774411,0,0.0245052,0,0.507366,0.6531305,0.6366025,0,0.567392,0,0.3467547,0.5935234,0.6663681,0.0600746,0.6989946,0,0.4844556,0.6737593,0.0010399,0.5378752,0.0882139,0,0,0,0.0386973,0.0123776,0.6023463,0.4919621,0.0367553,0.0086149,0.6477544,0.0809324,0.064784,0.5266787,0,0.0701535,0.6685505,0.0625493,0
"19035",0,0.6670424,0,0,0.0309612,0.2649329,0.2257051,0.1364132,0.0789842,0.5574201,0,0.4977048,0,0.0171514,0.0029539,0.6172529,0.7650687,0.5773021,0,0.6307126,0.0001905,0.360328,0.5749249,0.5204122,0.1008856,0.6673132,0.2730264,0.5302989,0.6938402,0.0160513,0.6467265,0.061494,0.3668518,0.1467694,0.0190258,0.0291855,0.022019,0.6635386,0,0.0296726,0.0247654,0,0.0991631,0.0317905,0,0.8150332,0,0.6427408,0.0205758,0.1303451
"19039",0.0154498,0.6231073,0,0.4973084,0.0268686,0.2006266,0.0682459,0.1467686,0.0427405,0.4148201,0.6039467,0,0.5764281,0.0290228,0.0284914,0.4788555,0.6186015,0,0.003282,0,0.0211973,0,0.4411296,0.5684125,0.1606467,0.6958305,0.3807071,0.1382948,0.5195884,0,0.6532891,0,0,0,0,0.0421651,0.0126012,0.6507983,0.5113131,0.0168585,0.0090705,0.6869839,0.0927582,0.1350977,0.5299048,0,0.0407828,0,0.076123,0.1158265
"19043",0.0109521,0.7005551,0.534225,0.6444228,0.0325107,0.2431735,0.0232754,0.1720369,0,0.4363013,0.6918407,0.3420989,0.5614648,0.0228991,0,0.7666454,0.6582163,0.4853893,0.0029169,0.5071773,0.0304726,0.6773975,0.5993071,0.6083419,0.2264429,0.5239787,0.4258466,0,0.6036229,0,0.5254719,0.2007926,0.6180955,0.187217,0,0,0,0.7336107,0.6041495,0.0245033,0.0146401,0.7370653,0.0631213,0.110049,0.4423193,0.6198531,0.0610427,0,0.0376145,0.1676131
