"G1","G2","G3","G4","G5","G6","G7","G8","G9","G10","G11","G12","G13","G14","G15","G16","G17","G18","G19","G20","G21","G22","G23","G24","G25","G26","G27","G28","G29","G30","G31","G32","G33","G34","G35","G36","G37","G38","G39","G40","G41","G42","G43","G44","G45","G46","G47","G48","G49","G50"
"3046",0.6653774,0.6646101,0.6673493,0,0.6306002,0.6284529,0.55057,0.6733333,0.6264437,0.6532832,0.7008702,0.0870691,0.0935881,0.6964451,0.4924181,0.0018374,0.6687049,0.8419848,0.6936064,0.0005511,0.5773135,0.042059,0.6530535,0.6436827,0.1011306,0.0406706,0.5418101,0.7219685,0.4460931,0.5967352,0.5784796,0.5223487,0.5336381,0.2576792,0,0.021161,0.3754589,0.1847558,0.2765604,0.2988764,0.2360969,0.4305925,0.2984357,0.6232164,0.5754124,0.0011878,0.5716467,0.6369419,0.6516901,0.8121137
"3048",0.7071999,0.5905477,0.6600075,0,0,0.6432255,0.6971009,0.6411809,0.6014184,0.5192889,0.5920233,0.0714692,0.1075509,0.6007175,0,0.0053502,0.6927592,0,0,0.0006171,0.5569129,0.2169391,0,0.6760061,0.001611,0.0446227,0,0.3969638,0,0.7450721,0.6387297,0.689523,0.1819576,0.0626888,0.4571396,0.0312992,0.3829445,0.1126508,0.3011128,0.4312255,0.2706617,0.3415057,0.3637126,0.5894103,0,0.0046344,0.5968937,0,0.6986429,0.7225938
"3050",0.7173014,0.5756365,0.552385,0,0.6165728,0,0.5801297,0.591081,0,0,0,0.0798275,0.1079909,0.6276211,0,0.00313,0.6600025,0.6358098,0.6281921,0.0004229,0,0.1735254,0,0,0.0027471,0.1758168,0,0,0,0.6436401,0.6390307,0.6349127,0,0.0093243,0.5864107,0.2619906,0.3602979,0.1262476,0.3388741,0.4288492,0.3101412,0.3727477,0.2312534,0,0,0.0043572,0.5778756,0,0.7023901,0.6491176
"3052",0.5952031,0.5930271,0.5781584,0.4044714,0.7616994,0.4909833,0.6386957,0.6209738,0.6616581,0,0,0.0757887,0.0800239,0.5895525,0.4978024,0.0007128,0.7000292,0.6374365,0,0.0064925,0.2406011,0.2001984,0.1281436,0.5631199,0.0002277,0.277227,0,0.4917319,0.2324986,0.6727375,0.6429825,0.5777252,0,0,0.5472066,0.1942202,0.2731313,0.1283748,0.3538359,0.4678379,0.3234985,0.4274508,0.2165838,0.5058693,0.4314547,0.007611,0.5776668,0.5412542,0.6526878,0.6764353
"3054",0.5920096,0.5694461,0.5957547,0,0.7293895,0.4538439,0.7453307,0.5100639,0.5899782,0.4382246,0,0.0661867,0.1456867,0.7029636,0.4164318,0,0,0.6771722,0.5404799,0,0,0.3548382,0,0.7067134,0.0004861,0.3082398,0,0,0,0,0.5947075,0.5961782,0.0986978,0,0.5670845,0.2732419,0.3654004,0.1476087,0.3237511,0.4263136,0.3225275,0.3430921,0.3427585,0.6623097,0,0.0066572,0.6011797,0.6528039,0.6536877,0.5951097
"3056",0.634203,0.6547766,0.7627379,0,0.5499656,0.4877903,0.6008375,0.6353205,0.6310328,0,0.4604173,0.0840074,0.1129927,0.6294217,0.4804095,0.0009285,0.6411196,0,0.5887806,0.0007229,0,0.2681624,0.1128315,0.5863693,0,0.3875673,0.0379962,0.4308825,0.3578022,0.5651694,0.675384,0.6739059,0.0903653,0,0.4956353,0.1442586,0.3477883,0.1043751,0.4822834,0.3732006,0.3965147,0.4404044,0.2946671,0,0.4412138,0,0.5755641,0.6057031,0.5480971,0.6595379
"3058",0,0.6430921,0,0.6367011,0.6291388,0.5813892,0.5521832,0.6225082,0,0.5406933,0.6022149,0.0407853,0,0.5915804,0,0.0004111,0.656053,0.6214582,0.8268797,0.0013738,0.596834,0.0492341,0.7611471,0.7111094,0.0563533,0.0940488,0.40349,0.6934509,0.5802279,0.57965,0.6584826,0.5921754,0.2329862,0,0.5239727,0.0265596,0.364922,0.1498634,0.3038716,0.3373402,0.2990065,0.4571252,0.3084044,0.7440317,0.697447,0.0008466,0.6500082,0.6318041,0.5199592,0.7583115
"3060",0.6517859,0.5870056,0.6499831,0.6832045,0.6127001,0.6361515,0.6488783,0.5580502,0.5909669,0.6849409,0.6090317,0.0745695,0.1287479,0.581862,0.5597805,0,0.6909196,0.5981126,0.6327857,0.0002552,0.6284823,0.0283198,0.6296441,0,0.1033984,0.0328483,0.5009001,0.6769259,0.4898835,0.6816943,0.6250632,0.6315704,0.3871309,0.0438425,0.2004715,0.0302327,0.3981687,0.1493051,0.3998323,0.4129101,0.3350721,0.4757937,0.1702327,0.6888322,0.7343427,0.002995,0.595437,0.5967855,0,0.6926167
"3062",0.7297035,0.6206206,0.7283355,0.7535424,0.6833461,0.6666728,0.5337455,0.6613784,0.5504848,0.5857346,0.6378025,0.0716301,0.1383442,0.5784093,0.5106008,0,0.5965504,0.6134343,0.6293238,0.0003077,0.7687564,0.0309883,0.7419781,0.6363643,0.138064,0.0397849,0.6813864,0.6639277,0.4875153,0.6546982,0.6117421,0.6319798,0.5558312,0.3038018,0,0.0542637,0.3222307,0.2254523,0.2664922,0.2843863,0.3922034,0.3620774,0.3077868,0.5056673,0.7037618,0.0062711,0.5888225,0.555993,0.5831075,0.6411334
"3064",0.7850025,0.6364477,0.6341507,0.5938568,0.6622215,0.6754113,0.5442471,0.6372603,0.6104366,0.6161575,0.619097,0.1250766,0.1158244,0,0.630922,0.0007807,0.7152044,0.6943139,0.5845587,6e-07,0.7063765,0.0290184,0.6508506,0.6321236,0.0844392,0.0449514,0.5149269,0.6138385,0.4271863,0,0.6888854,0.4869208,0.5861034,0.315343,0.0497053,0.0121559,0.4646961,0.1854307,0.2087228,0.2989849,0.2326634,0.3406602,0.3881575,0.6943182,0,0.0229073,0.6155402,0.5934289,0.5909202,0.5655919
"4537",0.7432015,0.6501001,0.6223677,0.7005919,0.6074924,0.5963793,0,0.6524208,0.6028895,0.511363,0.6850661,0.0690076,0.0673861,0.6422356,0.5756882,0.0029133,0.6831086,0.6941955,0.6091337,0.0013593,0.6019468,0,0.677748,0.6169109,0.0937929,0.0500291,0.5801496,0.7620545,0.5693336,0,0.5885481,0.616054,0.6057587,0.2123343,0.0691695,0.0343215,0.424304,0.1936708,0.2729247,0.3637837,0.2551407,0.3717623,0.312829,0.7089679,0.7077901,0.0063797,0.6499238,0.5003271,0.5376536,0.7248373
"4539",0,0.6709454,0.7000391,0,0.6299253,0.6601855,0.6233304,0,0.6077592,0,0.6945763,0.0637895,0.0955462,0.7005311,0.4805829,0.0013051,0.5301002,0.6400913,0.3337838,0.0005304,0.456957,0.1053089,0,0.6718213,0.0693996,0.1477212,0.3850393,0.7373937,0.6307464,0.5549296,0.6006676,0.5952645,0.4946465,0.0493733,0.4310834,0.0345443,0.5280102,0.1188706,0.3332336,0.3572782,0.2794741,0,0.3288518,0.6335413,0.7584021,0.0066705,0.5996356,0.6125137,0.663025,0.6875424
"4541",0,0.619296,0.6145498,0.5714733,0.6035142,0,0.5949304,0.5523349,0.6615133,0.4732655,0.4953198,0.0443731,0.1081827,0.5309474,0.5210474,0.0003861,0.5992435,0.6916156,0.4596032,0.0001468,0,0.2784611,0,0.6683267,0.0531261,0.4740429,0.1710023,0.611743,0.6445748,0,0.7595524,0.7154699,0.3059985,0,0.5244127,0.2360378,0.5683318,0.1006068,0.2898359,0.3432933,0.3251139,0.1047212,0.3240392,0.5516372,0.6457277,0.0015589,0.6951765,0.3118884,0.6734362,0.6704277
"4543",0,0.6980535,0.6384912,0.5088523,0.6252881,0,0.5809511,0.6005711,0.6065436,0.5553043,0.6410622,0.1142872,0.1048367,0.6790449,0.6080137,3.12e-05,0.7289984,0.7472889,0,0.0002038,0.0164774,0.6357528,0.0049401,0.5657845,0.088689,0.6217162,0.1392056,0.7157893,0.5602387,0.0904859,0.7519672,0.6553439,0.2139663,0,0.4809019,0.2039987,0,0.1055864,0.4255191,0.4157033,0.2660207,0,0.2908338,0,0.6613406,0.0035084,0.6119583,0,0.6459907,0.7102638
"4545",0,0.6368583,0.590439,0.611203,0,0.6048203,0.6374126,0.6002154,0.7183796,0.5253486,0.5923086,0.0398139,0.0762788,0.7856919,0.4112243,0.0013229,0.6632602,0.6563958,0.3935205,0,0.0027568,0.6131611,0.001274,0.6196612,0.0474852,0.64356,0.0979267,0.5810145,0.6407917,0.0430037,0.7165203,0.630949,0.1659023,0.0094494,0.585235,0.240814,0,0,0.4536853,0.3669036,0.4083183,0,0.3144643,0.3038669,0.6782544,0.0061817,0,0.0146754,0.6977614,0.7134325
"4547",0,0,0,0.5512902,0.6525972,0.6908463,0.5702407,0.6354163,0.6312302,0.4822075,0.5612574,0.0699578,0.1055073,0.5414615,0.518181,2.09e-05,0.5990033,0.6384198,0.3632069,0.0005365,0.001189,0.6236724,0.0014483,0.8324506,0.0524002,0.563036,0.1555836,0.584489,0.7536533,0.0541855,0.6217974,0.6111591,0.1755626,0.0012287,0.5991603,0.2479253,0.1837245,0.0970367,0.3328441,0.428305,0.3721687,0.1440306,0.2210174,0.2838084,0.6990216,0.0073253,0.5800707,0,0.5774775,0.7281362
"4549",0.6184111,0.692853,0.5824852,0.6146954,0.6898172,0.5643966,0.4321576,0.633827,0.708022,0.55128,0,0.0870413,0.1105481,0.6916424,0.5386431,0.0035024,0.6072013,0.7327427,0.5924037,0.0004309,0,0.2592357,0.6511485,0.5817205,0.0510749,0.1653095,0.3268077,0.6481929,0.751515,0.7353043,0.7215236,0.5953515,0.1193527,0,0.6239564,0.0642622,0,0.1043476,0.3585018,0.4851353,0.3134831,0.4080831,0.2028803,0.4160647,0.6282667,0.0017714,0.7782337,0,0.5234335,0.5999953
"4551",0.5712035,0.5906046,0.6055704,0.6038975,0.6348369,0.5279342,0.5972681,0.5877874,0,0,0.553307,0.0720515,0.1145327,0.6178132,0.5453827,0.000331,0.6138888,0.6872308,0.6272086,0,0.5822138,0.0453381,0.7411335,0.7035178,0.0420785,0.0278603,0.4703099,0.727405,0.7707851,0.6918296,0.739313,0.5537501,0.3400765,0,0.6682996,0.0233222,0.3103401,0,0.3781984,0.516009,0.3475009,0.4872303,0,0.6170526,0.7386819,0.0092355,0.6315522,0.5964601,0.5349274,0.6136195
"4553",0.7377721,0.5525502,0.6223214,0.7042643,0.6919699,0.6503184,0.5798529,0.5164965,0.6310185,0.5406365,0.6616162,0.0530016,0.0832792,0.6765071,0.5376013,0.0014127,0.6645975,0.7369422,0.6021126,0.0001378,0.6071904,0.0575707,0.5393983,0.5995621,0.1125778,0.0535463,0.5514124,0.7029867,0.5910149,0.6692308,0.6080809,0,0.4018288,0.03139,0.1524054,0.0496373,0.3137874,0.1686585,0.4822457,0.4045692,0.4430104,0.469471,0.2436136,0.5999711,0.6325578,0.0011798,0.5977773,0.6642272,0.5123102,0
"4555",0.6492712,0.6727208,0.620365,0.7225865,0.6144504,0.6536725,0.5017431,0.6804427,0.656619,0.5730503,0.6862763,0.0691181,0.1248018,0.6627978,0.5281764,0.0013944,0.7405435,0.6313207,0.6049102,9.34e-05,0.6771702,0.0373862,0.6612213,0.6240875,0.1136438,0.0291744,0.5559333,0.5980124,0.6170014,0.6011128,0.5738361,0.5403722,0.545849,0.1387493,0.0996773,0.0228662,0,0.190082,0.2615905,0.3860048,0.2695183,0.2815722,0,0.5862077,0.6948331,0.0106364,0.609567,0,0.58641,0.5217299
"5860",0.6603059,0.7486373,0.6689408,0.5697446,0.7698688,0.6308936,0.5363071,0.7845168,0,0.5854806,0.6266347,0.1365354,0.0834285,0.7405546,0.5316236,0.0034813,0.7040027,0.7086207,0.7249607,0.0002886,0.6059774,0,0.5458983,0.7744445,0.0798898,0.0324389,0.4959997,0.7009391,0.5322192,0.7204453,0,0.5682329,0.5420289,0.1999633,0.0629069,0.0513964,0.3760499,0.1923031,0.2806283,0.3753502,0.2855366,0.3703412,0.3303965,0.6695441,0.5584039,0.0058058,0.60135,0.6351332,0.5866491,0.6814931
"5862",0.5594202,0.715087,0,0.5614842,0.5760636,0.6454316,0.480928,0,0.6418595,0.4674309,0.5884542,0.0816484,0.1225553,0.6194753,0,0.1741326,0,0.7080122,0.6505081,6e-06,0.6585593,0.0695208,0.5603101,0,0.0965708,0.0027064,0.6177754,0,0.614103,0.7296773,0,0.496607,0.06677,0.1189418,0.1510918,0,0,0.1020526,0.3243446,0.3030969,0.3451763,0.3703569,0.6508837,0.6472127,0.6477586,0.0023909,0.6332846,0.7161149,0.5287073,0.6474429
"5864",0.605944,0.628678,0.6819861,0.5584396,0.6317537,0.6166909,0.4838968,0.7839496,0,0.5302235,0.7359617,0.0647487,0.1511675,0.7388726,0.5627158,0.1588486,0.5781631,0.5883631,0.6302378,0.0005112,0.6183018,0.0578862,0.6720369,0.7119153,0.0617331,0,0.4464065,0.7370348,0.6440768,0.5724106,0.3997612,0.5198444,0,0.0419362,0.3331052,0.0009236,0.3664244,0.0868337,0.3240641,0.3517777,0.2349007,0.3148807,0.6972901,0.6488588,0,0.0075713,0.667883,0,0.6436129,0.5153248
"5866",0.6254282,0.7431624,0.7573968,0.7405482,0.5962593,0.5503508,0,0.7459957,0.694465,0.5762998,0.6478139,0.0592728,0.0947703,0.7201564,0,0.1910882,0.6183827,0.6406328,0.6155127,0.0006879,0.5957393,0.0747718,0.672429,0,0.0667746,0.0090357,0.5423302,0.5963147,0.5539064,0.6392185,0,0.5508061,0,0.0374368,0.1670231,0,0,0.1038486,0.5434975,0.3838805,0.3719185,0.4057289,0.6871611,0.7258602,0.7195977,0.0152992,0.7043832,0.5798194,0.5890453,0.6559313
"5868",0.7121912,0.7082473,0,0.5944743,0.6150756,0.7225213,0,0.5436537,0.750161,0.6082242,0.630815,0.0854589,0.1177567,0.5463711,0.5562023,0.2119163,0.6767259,0.6249556,0.7386797,0.0012273,0.7227371,0.0524576,0.6169037,0.6299308,0.0606638,0.0050242,0.5828994,0.5864881,0.5877695,0.645661,0.4070002,0.645518,0.0065685,0.0403738,0.2258666,0.0002583,0.3084389,0.118083,0.4170625,0.4809321,0.4022143,0.3402317,0.711913,0.6073985,0.6487185,0.0043977,0.6991619,0.7459057,0.5295344,0.6421675
"5870",0,0.6383509,0.6494218,0.6785244,0.6343588,0.6350827,0.5230183,0.6383392,0.6303144,0.5465119,0.7363971,0.0771989,0.096984,0.7855069,0.5347437,0.1915779,0.6745528,0,0.6867098,0,0.5925368,0.084067,0.7441232,0,0.1156862,0,0.5830923,0.5980373,0.5700227,0.6583287,0.4136001,0.5444548,0,0.0394436,0.1561952,6.8e-06,0.365698,0.1232672,0.4302901,0.4425162,0.3429485,0.3258968,0.5494996,0.6884425,0.7236888,0.0064168,0.5435861,0.6265278,0.4558506,0.5921709
"5872",0.7159534,0.6161331,0.5926759,0.5026138,0.7029187,0.6150035,0,0,0.7727443,0.6337385,0.5665753,0.0553771,0.1101844,0.7394611,0,0.004641,0.6403648,0.6705759,0.5782518,0,0.6191786,0.0485169,0.6103142,0.699385,0.1366072,0,0.5752737,0.6368186,0.6372492,0.7534324,0.5630791,0.6312711,0.6539978,0.1775534,0.0701167,0.0235588,0.3625221,0.1412981,0.2871439,0.3557148,0.2499188,0.3137194,0.4018642,0.6103096,0.6133977,0.0029419,0,0.7681123,0.5534263,0.6855078
"5874",0.6156946,0.6275344,0.6406229,0.6048013,0.6633261,0.5604964,0.5889326,0.5972918,0.6275895,0.6008856,0.6369159,0.0571293,0.132857,0.7076124,0.5540566,0,0.6416716,0.6232073,0.7766463,7.27e-05,0.5919916,0.0313144,0.592526,0.6822292,0.1186534,0.0628897,0.5621377,0.6648813,0.4480769,0.5617589,0,0.4273681,0.3952969,0.1987713,0.0912614,0.0207749,0.3519582,0.1619031,0.2619184,0.3039295,0.2886863,0,0.332055,0.6764671,0.5622086,0.0008536,0.7032537,0.7211624,0.6025481,0.5981331
"5876",0.6566819,0.7499072,0.6825489,0.5464712,0.7383139,0.5924518,0.6130675,0.6593597,0.6990262,0.6045438,0.6766157,0.0483346,0.1004544,0.5851245,0.5103404,0.000574,0.6072602,0.6223648,0.6409346,1.35e-05,0.5959008,0.0354391,0.5517849,0.5109348,0.0737237,0.0411032,0.5142683,0.5759349,0.5893138,0.6337518,0.6366812,0.5496296,0.4578147,0.0691394,0.1077331,0.0392254,0.2871572,0.1033347,0.2072656,0.310513,0.2813307,0.3603647,0.2997406,0.8099598,0.6817134,0.006233,0,0.7859631,0.5567664,0.6957347
"5878",0.5905948,0.6181058,0.5706163,0.5500838,0.6737928,0.61587,0,0.5885769,0.6305158,0.5885536,0.7051788,0.0438517,0.1047007,0,0.5428181,0.0013859,0.6177291,0.7536055,0.5846954,0.000129,0.5777743,0.0477231,0.7128406,0.6386838,0.1150144,0.0331123,0.5572297,0.6327707,0.4351284,0.6401894,0.6404441,0.5672232,0.5375744,0.180531,0.0775367,0.018166,0.3874309,0.1926989,0.2213972,0.4143476,0.3604641,0.519599,0.3870672,0.707518,0.6394055,0,0.5701856,0.7325707,0,0.57844
"5965",0.66639,0.5268986,0.6681744,0.684739,0.6645741,0.6139089,0.4353343,0.7044972,0.6339315,0.5632197,0.5966122,0.0677183,0.1029708,0.7163095,0.5897871,0.000961,0.7195455,0.7571891,0.6292594,0.0004694,0.6954136,0.031476,0.6494676,0.6137212,0.081893,0.0293176,0.6000805,0.7095278,0.3973452,0.6780308,0.600546,0.5859981,0.6059006,0.2300955,0.0698194,0.0231034,0.4067081,0.1994483,0.2670314,0.3609558,0.312024,0.3533668,0.3316553,0.6660858,0.5867375,0.0088777,0.5965955,0.6577128,0.5268964,0.7169954
"5967",0.6575673,0.6007036,0.7074793,0.5766349,0.7388236,0.577363,0.5607708,0.5321332,0.6173012,0.4968801,0.6564121,0.0810368,0.1070189,0.6215354,0.5302461,0.0098859,0.7356521,0.6117976,0.7058154,0.0014673,0,0.038414,0,0.7348351,0,0.1586909,0.5857963,0.5930337,0.2777251,0.6632268,0.6577338,0.5591072,0.5389454,0.171462,0.1291733,0.1328438,0,0.1275513,0.3901664,0.3454598,0.2587818,0.4560643,0.2628611,0.6759458,0.6849049,0.0034132,0.6531169,0.6847447,0.5859223,0.6577343
"5969",0.6059007,0.6501733,0.623916,0.7832344,0.7289827,0.4911431,0,0.7379611,0.6550745,0.6045547,0.6947913,0.0855146,0.1227189,0.6828999,0.5046785,0,0.6351192,0.6457358,0.6829083,0.0002326,0,0.1677182,0.0211242,0.6306241,0,0.6622404,0.4409705,0.6615444,0.2865598,0,0.7469504,0.543702,0.4043639,0.100033,0.3246727,0.5396077,0.3358889,0.1419852,0.3590865,0.3560925,0.2062107,0.4631818,0.3147179,0.6437174,0.6957491,0.0019669,0.6695362,0,0.5960774,0.5809412
"5971",0.6909915,0.6572294,0.7101502,0,0.5902613,0.557934,0.5076145,0.6430605,0.5773166,0.580575,0.6881433,0.0622744,0.1037781,0.5197943,0.6082111,0,0.63874,0.6190615,0.5971241,0.0006164,0,0.5033112,0.0130292,0.6911951,0,0.5509755,0.4836773,0.6381595,0.2925129,0,0.632542,0.6430633,0.1821173,0.0729866,0.5222391,0.6708571,0,0.1109036,0.2598727,0.4718179,0,0.3883604,0.2997104,0.3303954,0.7020286,0.0031487,0.75391,0.1230241,0.6018557,0.6629429
"5973",0.615511,0,0.623575,0.6015157,0.603414,0,0.5357847,0.6465365,0,0.5349825,0.6342915,0.0895611,0.1093136,0.6162836,0.5765045,0.0042663,0.6857204,0.6789125,0.6839085,5.7e-06,0.0100627,0.6746002,0,0.6881994,0,0.6677063,0.4858578,0.702061,0,0,0.6784811,0.6153998,0.2111896,0.0371932,0.5316616,0.6040313,0.1174706,0.1019301,0.3143636,0.3724529,0.2307869,0.4404018,0.2227734,0.0863111,0.5975939,0.0032888,0.4609846,0,0.5590797,0.6956514
"5975",0.6733067,0,0.6382805,0.6990913,0.6562444,0.6349171,0,0.6413906,0.8419693,0.5808404,0.6121461,0.0640096,0.1395005,0.5875799,0,0,0.6664051,0.7234295,0.6962066,0.0040027,0,0.6474524,0,0.60199,0,0.6660638,0.5460855,0.6746354,0.3450865,0.1144343,0.6424222,0.533838,0,0.0435183,0.5104333,0.5946885,0,0.1189656,0.3889307,0.4107759,0.2558882,0.5368938,0.314548,0,0.6275216,0.012935,0.6911296,0.0822126,0.6112814,0.7629846
"5977",0.7137368,0.6389924,0.5915538,0.6028153,0.6276676,0.5534419,0.7846123,0.6139252,0.5198787,0,0.5760383,0.0497534,0.1555962,0.559822,0.4787099,0.0087062,0.7025893,0.6896221,0.5877258,2.49e-05,0.5152979,0.2492134,0.5342962,0.6049174,0.097272,0.1688049,0,0.7508643,0.5765416,0,0.7346783,0.523892,0.1859699,0,0.5496495,0.0827143,0.3896751,0.1329876,0.4833372,0.3892926,0.4017514,0.4482023,0.2681639,0.3809981,0.6043401,0.0008756,0.577414,0.4475923,0.6052407,0.5927006
"5979",0.6105205,0.5967642,0.6247116,0.5644841,0.5540459,0.6451934,0.5171029,0.6922059,0.6807298,0.5714122,0.7090616,0.095338,0.0837631,0.5791752,0.5864297,0.0066397,0.5582525,0.657301,0.6280946,0.0001318,0.585161,0.0637074,0.5221583,0.6286142,0.0731781,0.0501112,0.5253399,0.7020387,0.6575091,0.6108089,0.6602565,0.5687723,0,0.0106719,0.4738499,0.039779,0.327662,0.1042208,0.3408588,0.425655,0.3545812,0.4429351,0.2794845,0.5959034,0.7322503,0.014298,0.6686038,0.6201166,0.5959633,0.7447291
"5981",0.6699906,0.5627789,0.7844733,0.5304097,0.6655312,0.6933086,0.5583276,0.6332947,0.5431322,0.5823668,0.6322784,0.0822858,0.0784866,0,0.4311997,0.0001749,0.6348056,0.6455888,0.6126676,1e-07,0.6881819,0.0740071,0.5951565,0.6773918,0.0805124,0.0743839,0.5493646,0.6620901,0.519018,0.6569864,0.5870655,0.5723179,0.4654656,0.0614491,0.1285019,0.0170684,0.3178558,0.1894706,0.3087275,0.3558309,0.3335753,0.3992473,0.2393969,0.6452584,0.646863,0.0064299,0.5596112,0.6055426,0.5220047,0.6566923
"5983",0.6762635,0.6717658,0.6506697,0.6751589,0.6818082,0.6969313,0.5428052,0.6147082,0.6100193,0.5398074,0.7147606,0.1227053,0.0962752,0.7056161,0.5785692,0,0.5740073,0.7337681,0.7596825,0,0.6725421,0.0438011,0.6795326,0.605615,0.0677672,0.0465709,0.5292855,0.5910564,0.5759876,0.6015287,0.7760502,0.5492873,0.4869261,0.0561304,0.1545377,0.0244314,0.4060283,0.1415145,0.237778,0.2930222,0.3299798,0.3730726,0.3132948,0.6040134,0.6579399,0.0020398,0,0.6636453,0,0.5677176
"7435",0.5656624,0.7254587,0.7133885,0.6354047,0.6726752,0.5973934,0.5954835,0.6638674,0.6453074,0.5194795,0.588023,0.0750483,0.1000077,0.612838,0,0.0022296,0,0.7161772,0.6228034,0.0008824,0.720084,0.0328496,0.7209826,0.8063628,0.082181,0.0247709,0.6357947,0.7890007,0.5340377,0.6969403,0.6254007,0.6138409,0.498461,0.1868618,0.0597591,0.0341073,0.3997093,0.1849646,0.2656459,0.3406345,0.2320477,0.362111,0.3905249,0.6812248,0.6872884,0.0071466,0.6783166,0.5712149,0.5419436,0.7305223
"7437",0.6610418,0.6391076,0.7209936,0.6437845,0.6668304,0.5681419,0.516605,0.725608,0.6960805,0.5331711,0.5322944,0,0.103309,0.6033518,0.5196239,0.0099941,0,0.6330961,0.6903786,0.0004034,0.6560132,0.0342412,0.6405846,0.6756357,0.0571292,0.0029596,0.5295131,0.7173416,0.4705232,0.6680053,0,0.6723247,0.5027242,0.2888771,0.0772699,0.0316438,0.3717669,0.1815162,0.0307069,0,0,0,0.3602094,0,0.5779002,2.39e-05,0.6174473,0.636044,0.6051916,0.6004618
"7439",0.6056876,0,0.6352201,0.7095804,0.5701177,0.6381345,0.592771,0.6369957,0.6221408,0.5114495,0.6894051,0.0093278,0.1237159,0.6932548,0.5340422,0.0040253,0.7218282,0.6786317,0.7810931,0,0.7561954,0.0646299,0.602567,0.7194039,0,0,0.4479077,0.6940961,0,0.5541603,0.480863,0.5993019,0.6008522,0.2608218,0,0.0403379,0.4310848,0.195921,0.0263851,0.1942021,0.2371839,0.0142478,0.3673698,0.6411699,0.7516829,0,0,0.6397,0.5761029,0.7002226
"7441",0.6311186,0.6902928,0.5937984,0.5501572,0.7990389,0.5477098,0.5661419,0.5657533,0.5762806,0.6844411,0.6778139,0,0.1282798,0.7397975,0.528804,0.0005614,0.6294018,0.7509353,0.6321605,0.0001311,0.6222875,0.0524419,0.5930078,0.7067974,0.0882222,0,0.5089001,0.6236538,0.4374254,0.7280811,0.3335856,0.5895489,0.5807751,0.2840729,0.0449197,0.0209683,0.2899988,0.2794994,0,0,0.1988787,0,0.3412136,0.6199096,0.711595,0.0011788,0.6707628,0.6883939,0.6126933,0.7070632
"7443",0.5954076,0.6828254,0.6448318,0.5867901,0.6739212,0.6606146,0.5258058,0.6277135,0.7767848,0.5841581,0.6570439,0,0.1012201,0.5798083,0.4911174,0.0003017,0.6522941,0.654546,0.575554,8e-07,0.6293228,0,0.6272729,0.6041334,0,0.0006815,0.531944,0.5999954,0.429716,0.6861387,0.4466649,0.7100281,0.577194,0.1990901,0,0.0426962,0.3504136,0.174606,0.0177094,0,0.2293882,0.0173629,0.4414246,0.6418503,0.7229868,4.13e-05,0.614723,0.614721,0.5700791,0.6140403
"7445",0.6903161,0.5205202,0.6889629,0.67575,0.6358858,0.592221,0.5277955,0.7881386,0.6048414,0.5315716,0.6461201,0.0048154,0.1185046,0.6112381,0.6352656,0.0014392,0.6009795,0.643181,0.5775993,6.55e-05,0.6906361,0.0358435,0.6328831,0.8452754,0,0,0.5514447,0.6415253,0,0.7396355,0,0.7244529,0.6246151,0.3862389,0,0.0583353,0.457504,0.2622237,0,0,0.2089373,0.0131081,0.458949,0.668364,0,0,0.683766,0.6712188,0.5141596,0.6608123
"7447",0.538564,0.5484387,0.6539037,0.609365,0.5955771,0.5452366,0.5877723,0.6464889,0.639791,0,0.7746056,0.0945304,0.145634,0.7308596,0.5708842,0.0013427,0.5615988,0.7345528,0.6396628,0.0001113,0.5703452,0.0458938,0.6244601,0.6441329,0.0934255,0.069203,0.4495914,0.736037,0.4802398,0.6718444,0.5291263,0.5574159,0.558259,0.1328082,0.1230449,0.0346201,0.2902174,0.1560267,0,0.2604968,0.3106286,0.3767097,0.2966403,0.6194127,0.6041831,0.0022332,0.7381281,0.7089949,0.5271015,0.81073
"7449",0.7188098,0.7207755,0,0.6515812,0.6508932,0,0.5108532,0.6404194,0.6490913,0.5386185,0.6074069,0.0638538,0.108687,0.6209871,0.5230464,0.0005636,0.6873319,0.6048523,0.6980384,1.52e-05,0.6698947,0,0.7031853,0.6575605,0.0769656,0.036027,0.4120084,0.5682697,0.5274851,0.6118375,0.6817425,0.658086,0.553011,0.1541431,0.0786677,0.0373142,0.2959414,0.1879432,0.2226199,0.3218454,0.2976998,0.4274977,0.3147271,0.6680767,0.7549585,0.0177402,0.6532036,0.5783404,0.6068541,0.6132928
"7451",0.6619322,0.6483849,0.5742627,0.6010546,0.7110149,0,0.4875028,0.5625381,0.7107529,0,0.6784716,0.0427095,0.0850129,0.7333668,0.4899346,0.0006123,0,0.6379366,0.6308289,3.08e-05,0.6429816,0.0408259,0.6888215,0.5519478,0.0756237,0.048967,0.6460145,0.6923104,0.5156838,0.6908398,0.8645366,0.4813798,0.4800265,0.1211114,0.1084389,0.0243948,0.3944597,0.2065011,0.2202671,0.3483695,0.2843752,0.4145043,0.3035551,0.7091635,0.7318022,0.0073959,0.5599943,0.6369824,0.5200797,0.5963329
"7453",0.7023758,0.6877723,0.5908357,0.7010975,0.6405207,0.5834038,0.4702532,0.6077022,0,0.5683843,0.7557798,0.0919435,0.0834162,0.5948946,0.5255937,0.007714,0.6770269,0.6286682,0,0.0007668,0.5546526,0,0.6308821,0.5680972,0.0560778,0.0641131,0.5158657,0.7406819,0.4446532,0.6219711,0.5252711,0.5560839,0.5445629,0.1980738,0,0.0314124,0.3002854,0.1838745,0.303644,0.3538263,0.3363053,0.3940158,0.3324464,0.4520111,0.6089113,0.0143941,0.6598849,0.7165499,0.5850883,0.673349
"10732",0.6812738,0.7323971,0.712806,0.6657105,0.7071256,0.5771503,0.5099822,0.6846632,0.7125743,0.5483212,0.6237966,0.0539796,0.0851959,0.6080917,0.5182178,0.0039966,0.6267951,0.7205075,0.6251492,0.000544,0.6543013,0.0339511,0.7410671,0.5903206,0.1152037,0.0327861,0.6287992,0.6080114,0.4359828,0.6461313,0.6242856,0.5622337,0.5640257,0.2157827,0,0.0382128,0.4345061,0.1208219,0.2917528,0.3348653,0.313666,0.3636496,0.2929981,0.6037802,0.5575377,0.0068926,0.6125663,0.6133396,0.5235732,0.728539
"10734",0.6604154,0.6085276,0,0.6806561,0.6826842,0.5860718,0.6227953,0.6012205,0.6379244,0.544713,0.7014386,0.035615,0.1060332,0.5593924,0.4353929,0.2138784,0.705868,0.5907245,0.6341454,0.0735773,0.6446822,0.3652105,0.6969654,0.6436543,0.0753327,0.0341879,0.6747569,0,0.5492064,0.5949153,0.661295,0.6104434,0.209005,0.0335716,0.5489472,0,0.3499179,0,0,0.2835339,0.3225856,0.3314744,0.2577252,0.699372,0.6094595,0.0071387,0.6249415,0.7004286,0.639434,0
"10736",0.5909728,0.5807069,0.1820426,0.6888291,0.6667999,0.6354776,0.6911898,0.5585309,0.6311301,0.5775114,0.6738699,0,0.1041921,0.5786905,0.4202468,0.1822136,0,0.590287,0.5256096,0.0990402,0.5701801,0.3870323,0.6290173,0.7601224,0.0587187,0.0524682,0.5460064,0,0.556233,0.6111721,0.5724401,0.5403825,0.3482127,0.0127471,0.5118626,0,0.4378373,0.0972519,0.2144541,0.2423035,0.4005391,0.4672124,0.254658,0.5648837,0.61839,0.0074279,0.6137649,0.6074178,0,0.1780378
"10738",0.5652753,0.7098467,0.3669682,0.7586628,0.6620578,0.5698774,0.5900803,0,0.6283773,0.4963922,0.6321961,0.0095471,0,0.5046031,0.6133264,0.2118448,0.5653778,0.6334071,0.5974451,0.0797534,0.634723,0.3764818,0.6011588,0.6430223,0.0959075,0.0342106,0.6528226,0.351168,0.635775,0.6914553,0.5822424,0.5484471,0.2760235,0,0.5217972,0.0027331,0.4036157,0.1208638,0.1752169,0.318525,0.3609957,0.464249,0.2594811,0.6355928,0,0.0125039,0.5043597,0.6345096,0.519644,0.1630085
"10740",0,0.7074643,0,0.5903656,0.6547117,0.7315798,0.5789116,0.6394534,0.6207367,0.5308155,0.6468531,0.0241256,0.1101921,0.6033375,0.5384726,0.2777976,0,0.6855736,0.6196923,0.0756311,0.80878,0.4481928,0.5981292,0.715156,0.0736113,0.0435509,0.5213537,0,0.5612058,0.6586276,0.5972748,0.6036232,0,0.0058152,0.6219259,0.0005925,0.417106,0,0.2024076,0.2580658,0.3581339,0.320267,0.2669288,0.6204287,0,0.0081362,0.6341893,0.6137194,0.5437548,0.1662136
"10742",0,0.8022755,0,0.7033419,0.5518148,0.5641441,0.5575927,0.6489117,0.7163207,0.4504178,0.7257976,0.008267,0.0978351,0.6378172,0,0.2308367,0,0.5506047,0.5175911,0.0862099,0.558277,0.3082792,0.5745234,0.6650723,0.0822608,0.0341963,0.6178554,0,0.6462879,0.5821918,0.5918923,0,0.2106727,0.0124068,0.620211,0.0006522,0.4204601,0.1242216,0.1579081,0.2272701,0.4425822,0.328697,0.2992487,0.50037,0.6918103,0.0014447,0.5435193,0.5987479,0.6253414,0.1580874
"10744",0.5690848,0.6084567,0.6241837,0.705272,0.577828,0.584107,0.6262344,0.668868,0,0.6312969,0.5988044,0.0654657,0.0958442,0.6690754,0.5527845,0.0225977,0.7151562,0.6245702,0.5778678,0.00348,0,0.0497898,0.5729811,0.6961063,0.0968609,0.090462,0.5441035,0.707837,0.6479066,0.7358075,0.6810278,0,0.3321236,0.0098443,0.5107704,0.0530971,0.3747724,0.1177195,0.3138106,0.3866254,0.3152692,0.5044889,0.2779091,0,0.7373754,0.0038852,0.6295187,0.6185939,0,0.6938061
"10746",0.7254732,0,0.5900955,0.5413067,0.582338,0.5253214,0.5335963,0.5957113,0.6299624,0.4910433,0.6188644,0.0556215,0.0949287,0.639099,0.5317027,0.0081192,0.6172335,0,0.587478,0.0001885,0.6332642,0.0543956,0.721706,0.6417216,0.0738556,0.0453137,0.6406871,0.7164274,0.453992,0.6104597,0.5675503,0.6285002,0.4812088,0.0428768,0.1579011,0.0570445,0.3501272,0.1517789,0.361777,0.2991108,0.3494699,0.3492967,0.3069031,0.6357675,0.5856673,0.0073324,0.5989971,0.6612489,0.605614,0.6163739
"10748",0.7839494,0.7023375,0.6426228,0,0.4615417,0.5237764,0.5746937,0.6349302,0.5822503,0.5712276,0.6226759,0.0395176,0.1408842,0.6267384,0.4784079,0.0005735,0.7131893,0.6550707,0.6807999,0,0.6742061,0,0.5182413,0.6777292,0.0678405,0.0810819,0.5225319,0.8210401,0.4936578,0.6280256,0.6208829,0.5569948,0.6109245,0.1098783,0.0915989,0.0301971,0.3303501,0.1809505,0,0.315012,0.2718869,0,0.321843,0.7306822,0.5869098,0.0031401,0.6511079,0.6396084,0.5276999,0.6509889
"10750",0.5937286,0.7320941,0.6503581,0.6334651,0.6048394,0,0.5204795,0.7543993,0.6654774,0.5321351,0,0.0700769,0.0800212,0.6670196,0,0.0008722,0.68496,0.6239724,0.6425985,5.1e-06,0.6177855,0.0657679,0.6236498,0.6454207,0.0959852,0.0411782,0.5680546,0.6269305,0,0,0.5796611,0,0.5646699,0.1668144,0.0655141,0.0417985,0.3255619,0.1958145,0.2329333,0,0.210221,0.4530762,0.3778682,0.7687139,0.6686023,0.0037927,0.5973258,0.6320834,0.5991743,0.8056345
"12055",0.6093122,0.6788832,0.6435352,0.7283838,0.8453689,0.5771211,0.6298215,0.6301497,0.6955094,0.5006877,0.6909056,0.0909445,0.0994996,0.790347,0.5315163,0.0014426,0.6502457,0.7273066,0.6626743,0.0006006,0.6537914,0.0352591,0.5583772,0.6394937,0.1148607,0.0329566,0.6178063,0.65702,0.4534417,0.6087221,0.564912,0.6472769,0.5887109,0.1777436,0.0588325,0.032458,0.3413887,0.1976303,0.3008776,0.3632642,0.2681284,0.3986118,0.369731,0.6394024,0,0.0081802,0.5687345,0.6341843,0.5059434,0.7680765
"12057",0.6831558,0.654669,0.5608321,0.7171304,0.6310935,0.6644503,0,0.7086278,0.6290684,0.5047626,0.6513732,0.0347077,0,0.7323048,0.4147485,0.0008573,0.6599095,0.6612101,0.657427,1.2e-06,0.5242864,0.3870851,0.7520696,0.6811868,0.0362943,0.0556501,0.5250238,0.737866,0.5627819,0.7992776,0.585725,0.5889677,0.2649457,0.0479098,0.6396103,0,0.3686561,0.15983,0.339539,0.309573,0.1404544,0.3194197,0.3175546,0.6547335,0.6465193,0.0004617,0.6140657,0.6858122,0.5987984,0.6861636
"12059",0.6238405,0.6655676,0.5492683,0,0,0.5906542,0.4673338,0.5927668,0.5284745,0.6016239,0.6944713,0.0345138,0.0051219,0.6717232,0.6338233,0.0051303,0.6453637,0.5798045,0.6312331,6.21e-05,0.6963427,0.2762079,0.6078258,0.6421881,0.0705973,0.0367272,0.5217125,0.7131812,0.6223265,0.5912795,0,0.6930624,0.2366685,0.0149048,0.5399416,0.0028839,0.3228295,0.0944009,0.3331115,0.3859218,0,0.3990448,0.3454541,0.7143722,0.5575704,0,0.5793367,0.574079,0.6749447,0.644054
"12061",0.6833136,0.62866,0.6860088,0.6089632,0.5445726,0.6766423,0.5095642,0.6606646,0.7141257,0.6935324,0.6491465,0.0482017,0,0.5918856,0.6250368,0,0.6112436,0.6893949,0.6486873,7.5e-06,0.6980254,0.3055619,0.5237525,0.7084215,0,0.0687052,0.5553196,0.690996,0.6841835,0.6151957,0.5289491,0.66868,0.2306201,0,0.452735,0,0.3770042,0.1112678,0.403522,0.4053305,0.2050275,0.4204816,0,0.5850227,0.7133004,0.0022439,0,0.5593385,0.7111369,0.6439223
"12063",0.7428328,0.6252951,0.6174616,0,0.5650818,0,0.5041639,0.6594819,0.7136731,0.5262262,0.6364212,0.1050216,0,0.6336938,0.565639,0,0.6321996,0.7444649,0.5723729,0.0010627,0.6622455,0.390613,0.5659991,0.6104194,0.0718053,0.0443288,0.519247,0.702643,0.5670527,0.6287723,0,0.5867075,0.2312341,0,0.7070536,0.0079302,0.3001781,0.1099622,0.3428747,0.4436939,0,0.4241866,0.2556878,0.5875665,0.6863924,0,0.6615156,0.6619653,0.6513949,0.6594372
"12065",0.6994722,0.6603486,0.711957,0.6455191,0.6656665,0.5772029,0.6346255,0.5062671,0.5754614,0.5547928,0,0.0889454,0.000238,0.6428326,0.5218348,0.0044661,0.6393467,0.599317,0.6615898,0,0.6430007,0.3200253,0.7155002,0,0.0390722,0.051716,0.6220687,0.6298929,0.6659428,0.5886961,0,0.6381175,0.1805572,0.0037323,0.6435105,0.0091648,0.2909947,0.1244674,0.3431544,0.4080573,0,0.314882,0.2981403,0.6084034,0.6974045,0.0018697,0.530722,0.6836777,0.5945538,0.5783581
"12067",0.6825036,0.6128587,0.6396954,0.7010423,0.6828706,0.5323795,0.5143807,0.5844779,0.7055413,0.5521719,0.6446229,0.0612057,0.0836154,0.6795642,0.6350246,0.000297,0.6317109,0.8127774,0.5671134,3.21e-05,0.624182,0.045046,0.6278975,0.5987299,0.0729643,0.0490155,0.530977,0.5547225,0.6083798,0.6554175,0.6201702,0.5476899,0.3473517,0.0015828,0.3296289,0.0191502,0.3559667,0.1125557,0.478003,0.3821034,0.4363631,0.3808826,0,0.6055219,0.6003917,0.0019596,0.6590412,0.6758907,0.725303,0.7376667
"12069",0.613654,0.6973569,0.5843975,0.6412382,0.5875225,0.6221819,0.5491375,0.7468856,0.5957507,0.4873103,0.6430857,0.0821735,0,0.6882622,0.6041915,0.0004677,0.6945951,0.5443982,0.6462327,6.4e-06,0.5783361,0.0537713,0.6830907,0.7160543,0.0937145,0.0401774,0.5773756,0,0.6663427,0.678424,0.8012639,0.6474084,0.6267709,0.0126513,0.1940755,0.0256647,0.3391685,0.1756321,0.3722679,0.4563123,0.3097783,0.4584173,0,0.5971564,0.6945451,0.0135278,0.6475892,0.6870195,0,0.6003812
"12071",0.6708508,0.6434081,0.6652324,0.713314,0.525041,0.654097,0.4843613,0.5712189,0.6344328,0.5237259,0.5932896,0.0489323,0.1015213,0,0.5025225,0.0019966,0.7135773,0,0.6718319,0,0.7445715,0.0439524,0.6669991,0.6073406,0.1464243,0.0266861,0.6982286,0.5916565,0.5236365,0.596902,0.7083051,0.6603472,0.6399674,0.1242531,0.1415469,0.0275636,0.3348631,0.1464732,0.2185657,0.3112416,0.294619,0.3037344,0.281332,0.6583159,0.6509856,0.0043963,0.8091754,0.6871836,0.6224428,0.7850294
"12073",0,0.6650782,0.5539024,0.6481623,0,0.5569719,0.4984817,0,0.5128681,0.5037264,0.5820929,0.0937459,0.1007048,0.6226191,0.5028761,0.0001475,0.6833364,0.6262996,0.5894168,1.65e-05,0.6805075,0.0334713,0.6190009,0.5968169,0.0637331,0.075778,0.6865913,0.5655374,0.4947097,0.6503373,0.6449031,0.5353268,0.556745,0.1513486,0.1076535,0.0380354,0.344638,0.1792298,0,0.3354537,0.2937207,0.4042247,0.3442538,0.7735758,0.5639289,0.0139636,0.5489885,0.7727756,0.5040297,0.545726
"13273",0.5792459,0.6859116,0.6640962,0.5353698,0.6043578,0.6019036,0.4649623,0.6278645,0.6245443,0,0.6333518,0.0720423,0.097908,0.6290041,0.5658211,0.0008099,0.6516799,0.6667341,0.6637252,0.0002207,0.6374207,0.0453468,0.4935784,0.7228862,0.0883212,0.0654226,0.6216907,0.7771989,0.4773956,0.5808549,0.6193291,0.5820508,0.6287303,0.1987994,0,0.0146927,0.3719023,0.1779386,0.2610922,0.3295603,0.2952047,0.3789319,0.3628839,0.5716752,0.7092119,0.0137734,0.5979019,0.5856768,0.5920098,0.6585198
"13275",0.6557879,0.7494986,0.6293193,0.6182029,0.5717091,0.6350118,0.6826626,0.6183966,0,0.5353001,0.6306308,0.0172865,0.1176674,0.7166535,0.5662644,0.004061,0.6178351,0.6344155,0.5688677,0.241436,0.6489519,0.0376556,0.626242,0.6612612,0.0992102,0.033726,0.5581427,0.6332238,0,0.6269619,0.6324351,0.5860628,0.3498944,0.1654458,0.1024531,0.0033732,0.584019,0.1330212,0.2402327,0.0754746,0.375659,0.4150171,0.566376,0.5931898,0.1373773,0.0010677,0,0,0.5359999,0
"13277",0.7441913,0,0.667721,0.5954782,0,0.6468128,0.4949335,0.6488934,0.6019759,0.6126259,0.6638961,0.0223071,0.0547125,0.7333625,0,0.0068154,0.6210949,0.6198734,0.6596267,0.2862812,0.784243,0.0436908,0.7321107,0.4639841,0.0896781,0,0.4712803,0.6816208,0,0,0.6505668,0.5637166,0.3465706,0.0822194,0.2519925,0,0.4618055,0.2032895,0,0,0.2401779,0.3195399,0.6805782,0.6484993,0,0,0.7505425,0.6013263,0.5174503,0.2081306
"13279",0.5466513,0.7166473,0.6275758,0.5861919,0.6378646,0.6064295,0.5931262,0.6089478,0.6102299,0.4310739,0.5843626,0,0.1350737,0,0.4905828,0,0,0.7106477,0.6236164,0.259781,0.6690925,0,0.6365324,0.7115988,0.070331,0.0623172,0.4939096,0.6121626,0,0.6889196,0.6649917,0.6176809,0.2966868,0.1070988,0.1537111,0,0.5316953,0.168898,0.2067562,0,0.3100396,0.3424185,0.7597702,0.6023352,0.1155619,0.0010962,0.5426159,0.6838392,0.5390858,0.2016622
"13281",0.5887414,0.6579544,0.591872,0.6127243,0.6371297,0.7002378,0.4907228,0.6397083,0.8247474,0.6150164,0.6583619,0,0.0779302,0.7068928,0.5328533,0.0020231,0.7234909,0.6073331,0.6575804,0.2055359,0.7260588,0.0523954,0.533067,0.7050632,0.1040508,0.0529826,0.5428367,0.6294369,0,0.5708793,0.715799,0.6586727,0.3854351,0.1143701,0.1211215,0,0.5301916,0.1749134,0.3019255,0,0.3490033,0.3219445,0.6598586,0.5634465,0,2.9e-05,0.6966595,0.632528,0.5751332,0
"13283",0.644476,0,0.5355556,0.6147081,0.5994609,0.6952954,0.4854963,0.6436186,0,0.6075741,0.6299907,0.011006,0.1146853,0.6779863,0.4872307,0.0027415,0,0.6573002,0.6152122,0.2890664,0.6221855,0.0399037,0.7355965,0.7155434,0.066731,0.0368593,0.6483797,0.5028545,0,0.6297006,0.563846,0.5521925,0.3392325,0.1674814,0.0899821,0.0008484,0.5464451,0.138706,0.2383594,0,0.4066701,0.4928915,0.6418934,0.5447464,0,0,0.5911988,0.7122328,0.5328291,0.2352776
"13285",0.583248,0.6517109,0,0.6618931,0.6140239,0.4927514,0.5254288,0.6063907,0.6773534,0.5650367,0.743998,0.091251,0.0732439,0.6112107,0.4364726,0,0,0.7576802,0.6236572,0.0409792,0.6441859,0,0.6478444,0.780983,0.0813954,0.0485058,0.6260056,0,0.4977351,0.632471,0.573266,0.5939676,0.5728114,0.1031964,0.1008825,0.0325642,0.4409806,0.2036273,0,0.2609626,0.2685125,0,0.3494572,0.5736894,0.6899088,0.0045504,0.5757278,0.6244336,0.6114623,0.6991168
"13287",0,0.5909141,0.7595716,0.6464426,0.5696427,0.5183509,0.5976514,0,0,0.5834063,0.7732071,0.1014104,0.1328532,0.5720705,0.555072,0.0015726,0.5995225,0.6558668,0.6303499,0.0043171,0.701102,0.0336172,0.6925742,0.6468638,0.1090811,0.0626323,0.5602943,0.56616,0.5376795,0.6755103,0.6236942,0.5186549,0.5413987,0.1654866,0.1557236,0.0394641,0.3471345,0.1643956,0.2102039,0.3963769,0.3067027,0.4312643,0.3290279,0.6350167,0.7851248,0.007452,0.7061954,0.6629658,0.4944118,0.5545266
"13289",0.5975919,0.5979351,0.6398898,0.604591,0.5830391,0.6016989,0.5103593,0,0.6788066,0.6953944,0.6000801,0.0933173,0.0672449,0.7080866,0.5519638,8.94e-05,0.6512977,0.6386102,0.5929621,0.0005482,0.6871672,0.0359241,0.747252,0.6694756,0.0824266,0.0439463,0.5702908,0.6621906,0.5194586,0.6552263,0.7304218,0.4758338,0.4223515,0.1105608,0.1265723,0.0442998,0.4437099,0.1464328,0.2552498,0.3145772,0.2744887,0.3578072,0.3659189,0.6114669,0.6195466,0.0106294,0.6461743,0.6437481,0.5558128,0
"13291",0.6623865,0.6291125,0.6489043,0.5689663,0.6362122,0.7131103,0.5134939,0.6342924,0.663117,0.5045488,0.6568726,0.0763587,0.1441868,0.6524465,0.4699147,0.000319,0.6551016,0.7439808,0.6237947,0.0001643,0.5814444,0.0536021,0.6176077,0.5995429,0.1287592,0.0425845,0.6214373,0.6842271,0.4821916,0.7053394,0.6686423,0.6309935,0.5650434,0.2308022,0.0804655,0.0461204,0.3451871,0.1857458,0.2108139,0.3807747,0.2553944,0.3000626,0.3159822,0.5570422,0.6269368,0.0024243,0.6306063,0.6430948,0.5344203,0.6615537
"14596",0.588423,0.5970877,0.674211,0.6490981,0.617686,0.7207503,0.6182847,0.7123067,0.6101898,0.4947971,0.6586772,0.1013916,0.080268,0.5658725,0.5776769,0.0025973,0.6020266,0.7786091,0.7464938,0.0004799,0.7358707,0.0412999,0.6536342,0.7307007,0.1030384,0.0292411,0.6157817,0.7385523,0.4257565,0.5811277,0.6595377,0.51388,0.4998644,0.1613941,0.0502708,0.0414127,0.3311152,0.2133558,0.3187331,0.3033616,0.2793665,0.4581404,0.3921943,0.6621707,0.5739591,0.0031011,0.5808624,0,0.4888009,0.6698405
"14598",0.1924011,0.6379329,0.7948967,0.6704776,0.6215103,0.6139239,0.5073383,0.5745366,0.6787555,0.569089,0.6594735,0.0176114,0.1020609,0.7141776,0.6219004,0.0010862,0.7074103,0.6012893,0.3353749,0.0007141,0.6950352,0,0.2776739,0.7030795,0.0843699,0.0039493,0.4472723,0.4115522,0.6262017,0.7071466,0.6563023,0.5896634,0.6979277,0.1646795,0.0791419,0.0414066,0.3195399,0.0291357,0,0.2075901,0.3613604,0.3986757,0.2754648,0.5309519,0.7095973,0.0081992,0.679118,0.6361589,0.6732668,0.6370578
"14600",0.1823729,0.6645927,0.5454367,0.6372279,0,0.5695211,0.5557184,0.681671,0,0.4944698,0.6222778,0.030299,0.1335518,0.668032,0.5404751,0.0030933,0.6472782,0.6026125,0,4.95e-05,0.5323446,0.0301841,0,0.5898628,0.0605911,5.2e-06,0,0.4319512,0.5577735,0.7274975,0.6988101,0.4649774,0.7896891,0.1505212,0.0636858,0.1187001,0,0.0779859,0.2197498,0.238944,0.4880663,0.6392969,0,0.6031073,0.5676715,0.014264,0,0.5978166,0.5700081,0
"14602",0.1140333,0.582172,0.7352228,0.6464224,0.6033103,0,0.5203256,0.7310517,0.7774351,0.5657697,0.6695056,0.0118076,0.0920977,0.5927726,0.4920067,0.0093414,0.6868027,0.7803937,0,0,0.5673418,0.0446122,0.2880533,0.5550331,0.1394537,0,0.1427401,0,0.6340884,0.5977737,0.7795288,0.5532861,0.6719986,0.1159025,0.0807061,0.1056931,0.3704819,0.0686352,0.1992291,0.3359848,0.4994415,0.5689078,0.114475,0.6264851,0.5994321,0,0.5987725,0.6396443,0.6568762,0.6674274
"14604",0,0,0.5724851,0.6102045,0.6396438,0.5416784,0,0.6581175,0.6980307,0.5918308,0.6070761,0.0262918,0.0588094,0.7387221,0.4771141,0.0090939,0.6269129,0.7570759,0.230268,7.8e-06,0.5756909,0.0411221,0,0.6149256,0.113009,2.1e-05,0,0,0.6145155,0,0.6262161,0.5521801,0.5601598,0.1881882,0.0570034,0.107748,0,0,0,0.2395113,0.3471285,0.5315365,0,0.7076441,0.7069146,0.0024169,0.4845776,0.6141804,0.5652254,0.6499561
"14606",0.1095271,0,0.6015119,0.6896369,0.6308672,0.6082645,0,0.5697033,0.6623696,0.4339256,0.6857728,0,0.1032136,0.5446876,0.5521972,0.010715,0.6240191,0,0,7.4e-06,0.5495257,0.042957,0,0.6246138,0.1212873,0.0003521,0,0.5765646,0.5536118,0.7035237,0.6996187,0.5822123,0.6784651,0.1589315,0.1195106,0.0756192,0.2917923,0,0.2053607,0.2967285,0.401852,0.6187745,0,0.5721289,0.6279541,0.0046173,0.6642919,0.6464588,0.5537302,0
"14608",0.6057446,0.6827826,0.6474261,0.5934903,0,0.7803154,0.4862257,0.6798542,0.4890729,0.6374404,0.5180051,0.0766656,0.0729195,0,0.5412116,0.0059458,0.6706169,0.7286988,0.5565677,0.0003747,0.6822613,0.0705742,0.6250444,0.5836708,0.072475,0.0865039,0.4889325,0.6332538,0.5628345,0.848843,0.7364538,0,0.5337785,0.0603081,0.1433967,0.0341132,0.4115042,0.1838488,0.4205154,0.3283113,0.4299032,0.4314351,0.2308797,0.5261237,0.7199151,0.0063385,0.5079835,0.6250816,0.5724885,0.6418289
"14610",0.6035751,0.625624,0,0.5903919,0.6019188,0.5908939,0.49563,0.635884,0.6389859,0.6194117,0.6852515,0.0777406,0.1266515,0.713356,0.6190762,0.0050226,0.5946098,0.7014533,0.6689279,7.92e-05,0.5804491,0.0635252,0.5722569,0.6585124,0.1039872,0.0381116,0.6925621,0.6596953,0.549536,0.5906801,0.6479944,0.5746852,0.5351751,0.2216026,0.0942045,0.0180099,0.4173125,0.1592305,0.3781199,0.402802,0.2883681,0.4131757,0.2638387,0.6909083,0.6446625,0.0024339,0.6847938,0.6614851,0,0.6759587
"14612",0.6427603,0.569919,0.7160296,0.74676,0.6039821,0.573301,0.4707861,0.6239055,0.6555696,0.561498,0,0.0840998,0.1342633,0.5350472,0.5581784,0.0005434,0.7152621,0.5770046,0.5870551,0.0001445,0.604305,0.0414186,0.595732,0.5773709,0.0817873,0.0428008,0.481598,0.7035309,0.5629042,0.6602665,0.603825,0.4962025,0.5640089,0.2167729,0.1002381,0.0308344,0.383514,0.1282885,0.1940239,0.3059621,0.4059822,0.3386398,0.3393344,0.6343745,0.6090873,0.009998,0.6553711,0.7098802,0.613321,0.5881684
"14614",0.6441897,0.6008681,0.5859319,0.5213392,0.5738898,0.6041684,0.4462677,0.682694,0,0.5704231,0.6543891,0.0858932,0,0.5963317,0.6010939,0.005779,0.6457746,0.7881773,0.5977178,0.0002355,0.5654443,0.0228136,0.6199491,0.5803018,0.073539,0.0453864,0.5472604,0.6593815,0.5159551,0.6630044,0.5537733,0,0.6552444,0.1757264,0.0980752,0.0315068,0,0.1826272,0.2302399,0.3497555,0.3054756,0.3216192,0.3078234,0.6464914,0.6193864,0,0.675867,0.6236804,0.6298497,0.5981362
"19384",0.6692461,0,0.6932426,0.6280768,0.6278132,0.5654209,0.6180522,0.6930108,0.641025,0.5543463,0,0.0873145,0.088654,0.5965732,0.6391425,0.002459,0.7922115,0.6659831,0.7017897,0.0044464,0.7088051,0,0.525237,0.6131123,0.0836575,0.0378421,0.5606588,0.687664,0.5097229,0.7150551,0.7033066,0.5030507,0.5795148,0.3216558,0.0654824,0.0142979,0.3317707,0.2227237,0.2469012,0.4053482,0.377141,0.3333318,0.3334167,0.6606506,0.5807769,0.0009057,0.6251677,0.5959572,0.6856291,0.7778932
"19386",0.6353837,0.5885564,0.0820964,0.7664473,0.7004254,0.6212673,0.5906077,0.7078598,0.69847,0.6743691,0.6805083,0,0.0598626,0.6452222,0.6116663,0.0907242,0.6211132,0.5827295,0.4589812,4.39e-05,0.6032006,0.0331594,0.6254894,0.7248535,0.1467314,0.040891,0.5685529,0.643469,0.4365018,0.6266162,0.6042092,0.579545,0.4916358,0.1859171,0.0604817,0.01206,0.4210175,0.1843423,0,0.2798926,0,0,0.412517,0.6325644,0.7693453,0.0214819,0.684731,0.6313869,0.4796887,0.6858233
"19388",0.7562578,0.730597,0,0,0.534529,0.5296191,0.5400056,0.594992,0.6380077,0.5354557,0.6190674,0.0206831,0,0.5339152,0.5747996,0.1144369,0,0.8054663,0.7097442,0.0013648,0.608576,0,0.6051623,0.694854,0.0629166,0.060041,0.5113206,0.6099024,0.5428598,0.660635,0.79815,0.5775297,0.4595051,0.0997304,0.1108152,0.0204523,0.2999542,0.1767119,0.2940427,0.3151363,0.026498,0,0.5054644,0.6429576,0.6880239,0.0015421,0.6538666,0.6767066,0.6150111,0.7403325
"19390",0.6982443,0.5525757,0.0918694,0.6025544,0.7629491,0.5644846,0.4840008,0.7427,0.6559361,0.5364629,0.7278066,0.0036957,0.0427745,0.6321534,0.6004112,0.0871782,0.7397322,0.6222832,0.650077,5.92e-05,0.6195054,0.0496746,0.6667647,0.7312207,0.136797,0.03012,0.4549341,0.6713012,0.4255371,0.7469824,0.6848344,0.7519635,0.6101498,0.3235104,0,0.0084518,0.3219114,0.1938407,0.1994274,0.3503761,0.045319,0.3702626,0.4690051,0.6965324,0.766675,0.0030669,0.6229429,0.6743766,0.5847449,0.5603805
"19392",0.7498254,0.5127543,0,0.6461707,0.7358133,0.718301,0.4894241,0.6750078,0.7818836,0.5794651,0,0.0098122,0.0379618,0.606347,0.508081,0.0952996,0.6451159,0.6961028,0.66823,9.74e-05,0.6755438,0.0407246,0.6161115,0.5885904,0.1361071,0.0416214,0.5750291,0.7315778,0.4307587,0.6681733,0.6745632,0.7214848,0.6280678,0.2354783,0.0690707,0.0187305,0.3626154,0.2533457,0.2835679,0.432994,0,0.4985772,0.4701586,0.6278837,0.5863281,0.0127572,0.6576729,0.7061881,0.5326309,0.6750975
"19394",0.658947,0,0,0.6455319,0.7103883,0.5942809,0.513012,0.7629267,0.6976844,0.5502142,0.7877222,0,0.0423538,0,0.4819349,0.0912388,0.7739759,0.6367404,0.6538814,0.0001334,0.6853344,0.0510625,0.6341199,0,0.1467812,0.0583753,0.5970111,0.7496187,0.5543573,0.6811179,0.7239959,0.5017817,0.6550695,0.2144678,0.0696738,0,0.3113824,0.1849979,0.2270675,0,0.0322493,0.3518368,0.5533659,0.6451194,0.676373,0.0002078,0.5688252,0.6154605,0.5643212,0.5524719
"19396",0.5896983,0.5966556,0.7290815,0.6508307,0.6351015,0.6900242,0,0.6770605,0.7820153,0.5933315,0.6288676,0.0570952,0.1007076,0.5790189,0.5754555,0.0092349,0.5349096,0,0,0.0038376,0.5715947,0.0354773,0.5401829,0,0.0851589,0.0485654,0.5560955,0.5780658,0.5447049,0.6839668,0.4789151,0.5826285,0.5967789,0.1614967,0.1265509,0.0337566,0.2259871,0.1719285,0.2134766,0.28717,0.2770685,0.3168685,0.3861541,0,0.712054,0.0019336,0.6071947,0.6169797,0,0.6641566
"19398",0.642509,0.5775228,0.5712313,0.602243,0.51384,0.637337,0,0.7398456,0.7506594,0.5453972,0.7024871,0.0493096,0.0917875,0,0.5323983,0.0042893,0.6592516,0,0.6232062,0.0001491,0.6877442,0.0426003,0.5574513,0.7175919,0.0584872,0.0962809,0.6859311,0.5937637,0.4864818,0,0.5780664,0.5455443,0.4739946,0.1340101,0.1059516,0.0322087,0.3222355,0.2396674,0,0.2686126,0.2936797,0.3507256,0.3032031,0.6162071,0.5429738,0.0064807,0.5810757,0.5299743,0.5837205,0.6330423
"19400",0.5809029,0.694701,0.6047264,0.6409555,0,0.6030943,0.5276775,0.6286049,0.8046208,0.5328338,0.610205,0.0614843,0.1192075,0.6477746,0.4937218,0.0100414,0.6597447,0.6614115,0.6151041,7.41e-05,0.597953,0,0.5930825,0.613812,0.0800311,0.0716933,0.4587495,0.5792451,0.610638,0.5827457,0.5943881,0,0.57647,0.1390572,0.0714738,0.0384355,0.3314239,0.1576926,0.1986566,0.2484005,0.2902996,0.4009307,0.3733887,0.6040251,0.6748689,0.0029283,0.6501947,0.7178624,0.6035875,0.6235268
"19402",0.7416524,0.7080623,0.8213648,0.6570725,0,0.6293896,0.4989906,0.6265652,0.577918,0,0.5373542,0.086295,0.0964839,0.6541495,0.4757417,0.0032283,0.6460841,0.7053093,0.6540471,0.0001648,0.6805663,0.0629804,0.5776046,0.7381114,0.1059591,0,0.5458126,0.5962565,0.4682572,0.7011405,0.6399791,0.5665243,0.5197083,0.1952148,0,0.0315126,0.3908533,0.1902669,0.3665272,0.387927,0.2509319,0.3644497,0,0.6816917,0.659872,0.0094845,0.5882626,0.6387949,0.5162035,0.6526459
