"G1","G2","G3","G4","G5","G6","G7","G8","G9","G10","G11","G12","G13","G14","G15","G16","G17","G18","G19","G20","G21","G22","G23","G24","G25","G26","G27","G28","G29","G30","G31","G32","G33","G34","G35","G36","G37","G38","G39","G40","G41","G42","G43","G44","G45","G46","G47","G48","G49","G50"
"3214",0.0170082,0.6429191,0.5821946,0.5355098,0.0195074,0.1388124,0.0301028,0.145961,0.0533609,0.395177,0.6248113,0.3448806,0.5595986,0.0235495,0.0241712,0.5592514,0.6298161,0.5631667,0.0008028,0.5772448,0.0380444,0.6715615,0.60813,0.615608,0.1875245,0.6076156,0.4360559,0.2706523,0.5608526,0.017769,0.4493994,0.2126353,0.5132974,0.1368345,0.1747547,0.0106667,0.0151922,0.7052693,0.7242144,0.0242601,0.0345076,0.6669539,0.1409655,0.1667279,0.5385061,0.5660994,0.091164,0.6526521,0.0334847,0.1656356
"3216",0.0268456,0.627914,0.563454,0.4896903,0.0005159,0.2469385,0.0056985,0.0213233,0.0133478,0.4999661,0.4274369,0.3702436,0.5515085,0.028916,0.0005181,0.7141665,0.6630202,0.5765984,0.0069863,0.5280672,0.0010577,0.6747378,0.5379605,0.5365064,0.1765241,0.6453622,0.3818024,0.3357086,0.6498066,0.0065838,0.4833093,0.1972428,0.5754703,0.1411806,0.319992,0.0402266,0.0079672,0.4467433,0.6336608,0.0247863,0.001261,0.6286585,0.0764755,0.0030112,0.5588568,0.6726454,0.066496,0.7128136,0.01946,0.1459326
"3218",0.0344987,0.6679917,0.6242648,0.5037918,7.97e-05,0.269327,0.0188484,0.0005144,0.0029016,0.5184644,0.4818111,0.4038548,0.6854568,0.0192074,0.0009752,0.7112962,0.7256572,0.4671511,0.0013841,0.477718,0.0001133,0.7507907,0.6006034,0.4992995,0.203338,0.577271,0.3776555,0.1855492,0.5798551,0.0032677,0.4123976,0.2217816,0.6870442,0.1689004,0.4231491,0.0279333,0.0023498,0.4569969,0.6705421,0.0268691,0.0001946,0.668183,0.0947599,0.0007221,0.4933458,0.7388287,0.0634249,0.5770881,0.03937,0.1671182
"3220",0.0178454,0.6487415,0.7697697,0.4326679,0.000562,0.2426617,0.0410856,0.0028032,0.0046631,0.5287813,0.3773198,0.3984468,0.6648067,0.0233377,0.000795,0.6325828,0.582474,0.4960517,0.0049053,0.5941536,0.000339,0.5754494,0.6511164,0.5593916,0.2123809,0.5754927,0.3730244,0.0978057,0.6040372,0.0174839,0.589479,0.1901772,0.5973732,0.1809285,0.5014339,0.0465793,0.0047286,0.5668773,0.7057954,0.0069209,0.0010736,0.6493177,0.1013104,0,0.4306243,0.6126174,0.0680518,0.5158695,0.0315546,0.1335747
"3222",0.0338598,0.6522365,0.6850613,0.5959952,0.0009321,0.1626573,0.0245394,0.0010502,0.0086134,0.4675254,0.488584,0.4731705,0.7128232,0.0156563,0.0019362,0.6428115,0.6931469,0.602963,0.0027591,0.5228834,0.0007361,0.6159476,0.5435939,0.6120142,0.2588565,0.5969885,0.3686613,0.3953326,0.6523987,0.0169688,0.5198465,0.1750719,0.6289477,0.1772721,0.442928,0.033065,0.0051103,0.5198849,0.552194,0.0195951,0.0006747,0.6812228,0.0806905,0.0024384,0.5458215,0.6902879,0.0895904,0.6921065,0.0523949,0.1372206
"3224",0.026294,0.6327499,0.7937022,0.4032263,0,0.2475135,0.0202833,3.96e-05,0.0143917,0.5729839,0.4377326,0.4073664,0.6493251,0.0238767,0,0.6292358,0.6053474,0.4644951,0.0049573,0.6313044,0.0027986,0.6194938,0.5473334,0.5833936,0.162161,0.6506617,0.314455,0.121632,0.6530969,0.0035042,0.4840569,0.159875,0.7123571,0.1817813,0.5404313,0.0282489,0.0040196,0.509927,0.676284,0.0281538,0,0.5350691,0.0603787,0.0039651,0.5449742,0.5647965,0.0347579,0.6109015,0.045455,0.1793432
"3226",0.0387022,0.5841143,0.6949264,0.4537045,0.0128623,0.1762147,0.0153343,0.158333,0.0411835,0.2472135,0.6054566,0.3909458,0.5543334,0.0383021,0.0191086,0.6625613,0.6855246,0.6062496,0.0051551,0.5859463,0.0299976,0.7259449,0.5687588,0.6037283,0.2889831,0.6596038,0.4448263,0.2941177,0.5971539,0.0036684,0.478596,0.2124927,0.6493489,0.1215825,0.281111,0.043113,0.0063564,0.608559,0.6537891,0.0239256,0.0069618,0.6652609,0.0628371,0.1134538,0.5472342,0.6303964,0.0461014,0.6311862,0.0415667,0.2178163
"3228",0.0354066,0.6211032,0.6644712,0.4762928,0.0159193,0.1630913,0.0388371,0.1172422,0.025316,0.3955629,0.6278055,0.5038825,0.625069,0.0212375,0.0427147,0.5935291,0.6648618,0.6508556,0.0020555,0.6238481,0.0489126,0.6997606,0.5563948,0.5709839,0.2332362,0.6757955,0.5518107,0.4852609,0.6684299,0.0063038,0.4517628,0.2547382,0.5341496,0.1468266,0.1652214,0.0092111,0.0026275,0.6771474,0.594917,0.0475516,0.0168973,0.6607156,0.0517201,0.1175153,0.5489518,0.5747974,0.0517755,0.6214824,0.0297124,0.1431049
"3230",0.0244821,0.5177767,0.5289384,0.469728,0.0220051,0.1845295,0.0175804,0.1515817,0.0479796,0.4485371,0.5154998,0.5595481,0.6660784,0.01507,0.0559408,0.672382,0.6839258,0.5684265,0.0012162,0.7040098,0.0124576,0.6417062,0.5313015,0.6018987,0.1860398,0.6522068,0.492916,0.46021,0.7020236,0.0197723,0.4701288,0.1886274,0.5972169,0.184573,0.2620807,0.0155277,0.0055981,0.7299654,0.5587668,0.0221319,0.0164452,0.7094544,0.1141702,0.0899957,0.5075935,0.6206946,0.0823544,0.8135882,0.0239192,0.1881902
"3232",0.0326211,0.6647686,0.5465677,0.5059868,0.01502,0.1223141,0.0319279,0.1688313,0.0276836,0.3638808,0.6666696,0.3436742,0.6133434,0.0217286,0.0223137,0.5097064,0.6252322,0.4660896,0.0029707,0.593568,0.0230408,0.6696432,0.6180917,0.6422623,0.2131553,0.6962842,0.4557955,0.1365389,0.6629453,0.0066963,0.4678725,0.2524557,0.6449312,0.1864285,0.1955852,0.0114259,0.0094435,0.6184523,0.6433181,0.0117373,0.0066388,0.6306529,0.087893,0.097398,0.5699842,0.7284239,0.0420583,0.725586,0.0394357,0.0949552
"3739",0.0112744,0.6294825,0.4788735,0.4800626,0.0137902,0.2096541,0.027795,0.2240366,0.020895,0.3564468,0.6558428,0.3699384,0.7258106,0.0328523,0.020362,0.5129642,0.5602593,0.5836265,0.0024425,0.6021713,0.034296,0.6000563,0.5477779,0.6244691,0.2176078,0.7316222,0.4456032,0.3120012,0.6603876,0.0136309,0.4381483,0.1654167,0.6995407,0.142885,0.2558581,0.0196588,0.0097197,0.5734472,0.7321967,0.0479917,0.0152297,0.5433535,0.08439,0.1741448,0.5359158,0.6273625,0.0649937,0.6441359,0.0151843,0.1865937
"3741",0.0014844,0.6320189,0.767193,0.4638991,0.029233,0.1920647,0.0555739,0.1205916,0.0255261,0.3140395,0.6661907,0.2431285,0.6585951,0.0431315,0.045398,0.6701337,0.5638007,0.6227317,0.0049834,0.1334513,0.0267474,0.4212517,0.309812,0.5484208,0.1925102,0.1016408,0.5406758,0.4939534,0.8254684,0.0078005,0.3613148,0.1646976,0.6670357,0.1460956,0.2296569,0.0286517,0.0060436,0.5169923,0.6733751,0.00522,0.0025297,0.636063,0.0892922,0.1486635,0.5282759,0.5448662,0.0437203,0.8144146,0.03235,0.1279172
"3743",0.0004617,0.6891954,0.5674198,0.5173967,0.0326971,0.1525177,0.0156565,0.1510732,0.0119847,0.1490384,0.5768179,0.4221488,0.6539148,0.0259315,0.0205574,0.6555396,0.5882649,0.615814,0.0082376,0.0665127,0.0352156,0.4986124,0.3327565,0.5988814,0.4057662,0.0229101,0.5497449,0.5655235,0.5885739,0.1159162,0.3338444,0.0826315,0.5794732,0.1730254,0.4190003,0.0166548,0.0162572,0.646689,0.6700309,0.0123628,0.0108062,0.7154096,0.0613515,0.1453211,0.5352539,0.4137465,0.1427666,0.6712818,0.0293332,0.164617
"3745",0.0015072,0.676614,0.5641613,0.6299712,0.0344489,0.2018694,0.0144488,0.0980887,0.0133585,0.0833328,0.6219815,0.4273462,0.5832264,0.0095537,0.0221469,0.6088006,0.5682244,0.693483,0.0055151,0.0569445,0.0284896,0.3973092,0.2707611,0.6356842,0.6293034,0.0059766,0.5847361,0.6410805,0.653448,0.3892203,0.1028042,0.093571,0.6203803,0.1500227,0.5070817,0.0302041,0.0040596,0.5684203,0.630699,0.0058088,0.0061684,0.5554392,0.0625469,0.1473801,0.4010221,0.1196932,0.1491079,0.7977157,0.0230272,0.1388995
"3747",0.0008153,0.5864735,0.5804147,0.5876778,0.0273165,0.2638655,0.0062413,0.1843006,0.0086702,0.0643994,0.5759562,0.3732547,0.6002578,0.00696,0.0197467,0.6380149,0.682824,0.5788631,0.0063786,0.0586275,0.0504115,0.4508649,0.2200696,0.5996841,0.5440469,0.0305416,0.4346746,0.5308975,0.7461038,0.5280739,0.1333187,0.1277221,0.6822715,0.29154,0.6240492,0.018256,0.0041974,0.7184586,0.6379627,0.0034737,0.0183326,0.5989763,0.1176237,0.0753187,0.4118268,0.0267705,0.1836097,0.750503,0.0823907,0.153338
"3749",0.0001352,0.7326979,0.6157734,0.5075523,0.0271996,0.203707,0.0106654,0.0928946,0.007913,0.0325608,0.5851536,0.3880366,0.56485,0.0040448,0.0260337,0.7066568,0.7308492,0.7207272,0.0002902,0.0953057,0.0282479,0.4129685,0.2284256,0.6508686,0.7267074,0.0087078,0.443629,0.4585926,0.6242843,0.5348228,0.088436,0.1023828,0.6550373,0.5283352,0.6655809,0.0072379,0.0023321,0.6750574,0.5782791,0.0052986,0.0197399,0.7693538,0.0625249,0.1503811,0.4014902,0.0317267,0.1949262,0.7741358,0.0184538,0.1862644
"3751",0.0131819,0.6603838,0.6312118,0.5893154,0.0294988,0.1751434,0.012482,0.1590781,0.0140655,0.2219638,0.7629978,0.4033901,0.8749701,0.0304888,0.0347842,0.6321432,0.5528807,0.6023316,0.0009313,0.6260663,0.0256531,0.5764708,0.4160816,0.6182316,0.4806099,0.6302998,0.4061555,0.1221774,0.6107791,0.1097944,0.1231757,0.0561071,0.6270832,0.5169097,0.6939919,0.0223059,0.0026101,0.5706253,0.6031101,0.0710153,0.0109371,0.6893148,0.0820434,0.1393447,0.5593124,0.5969614,0.3196684,0.5876823,0.0386972,0.1417619
"3753",0.0396082,0.5630176,0.7112709,0.4840922,0.0530633,0.197095,0.0113553,0.1642262,0.0516398,0.4403446,0.6973349,0.3905271,0.5697551,0.0196293,0.0318828,0.525858,0.6553109,0.6852304,0.0201077,0.5646985,0.028752,0.6745584,0.5441448,0.5822079,0.3505236,0.6602968,0.3929608,0.091591,0.6492503,0.0294818,0.2889278,0.0850307,0.6074974,0.319743,0.3367333,0.0117473,0.0207839,0.5531944,0.6460521,0.0261029,0.0107732,0.5781327,0.0807142,0.1134405,0.4767646,0.7244242,0.1272285,0.5654731,0.0290137,0.1510274
"3755",0.0359218,0.735041,0.694554,0.5700496,0.0177813,0.1749943,0.0343313,0.1678251,0.0393246,0.5049951,0.5600695,0.4173946,0.7190113,0.0484588,0.0204112,0.7335787,0.5329507,0.5568188,0.0006516,0.6478478,0.0258503,0.6951953,0.6508641,0.6092786,0.1905671,0.5849743,0.5189448,0.046767,0.685854,0.0072231,0.3949973,0.1848026,0.657164,0.1890937,0.3331617,0.04016,0.0130002,0.5607612,0.6070909,0.0268341,0.0337857,0.5167684,0.0861216,0.1394982,0.418854,0.5710296,0.065012,0.6101421,0.0409723,0.1370203
"3757",0.0388671,0.6212982,0.5759295,0.4895261,0.0170705,0.2264009,0.0115966,0.096946,0.0201373,0.3821757,0.5767636,0.3487852,0.6601551,0.026497,0.0360648,0.6046558,0.6110592,0.5639584,0.00503,0.6596871,0.0253749,0.7703532,0.6838159,0.6177196,0.2423122,0.5838571,0.4520823,0.1284316,0.5816068,0.0109515,0.4217558,0.2423899,0.656408,0.1604701,0.2263052,0.0238175,0.0127182,0.7111725,0.7105193,0.0090951,0.0120693,0.6647689,0.0627756,0.149915,0.4595235,0.6016954,0.0439955,0.6192102,0.0566832,0.1602643
"5041",0.02097,0.5647094,0.6320309,0.5137213,0.0391857,0.2194059,0.0170734,0.1362317,0.0225075,0.3099083,0.6333733,0.4183994,0.4803882,0.0329172,0.0170822,0.5756427,0.5935932,0.6008632,0.0009864,0.6808945,0.0421672,0.6348778,0.542719,0.5728795,0.2554764,0.8017257,0.4628496,0.2426422,0.624013,0.0441085,0.3431725,0.2628079,0.7708188,0.1723055,0.241788,0.0228781,0.0131015,0.6496143,0.6089007,0.0232824,0.0165357,0.4797776,0.0835824,0.1402087,0.4588538,0.4948394,0.0734485,0.6859797,0.0168549,0.1886956
"5043",0.008641,0.675005,0.5787501,0.4691519,0.0010023,0.0796595,0.0094483,0.1538957,0.0226992,0.465017,0.6334351,0.4966332,0.6539493,0.0146164,0.0506103,0.534175,0.7339848,0.2415503,0.0041819,0.6220401,0.0016143,0.766625,0.5509187,0.4501919,0.1801951,0.7077171,0.3199587,0.2216679,0.5591557,0.0046737,0.3539694,0.0318717,0.6561517,0.0468907,0.1602286,0.0013809,0.0027576,0.5478916,0.6196392,0.0160638,0.0207549,0.6041306,0.079052,0.1226465,0.4927518,0.6297914,0.0668807,0.7408476,0.0213568,0.1582053
"5045",0.0023388,0.5920867,0.7064674,0.5027096,0.0085871,0.0591771,0.0259416,0.1976555,0.0254464,0.4980955,0.5554414,0.4054286,0.6444235,0.0139338,0.0241933,0.548692,0.6440422,0.2624783,0.001768,0.7508156,9.53e-05,0.5461467,0.6578698,0.4895954,0.2690371,0.5415557,0.3894126,0.0799303,0.6502973,0.0150983,0.3702096,0.0155066,0.7099247,0.0049773,0.191755,8.7e-06,0.0094265,0.5329713,0.6927331,0.0158482,0.0100405,0.6816851,0.0538619,0.1720397,0.5528099,0.6621993,0.0290339,0.7064695,0.0181023,0.1458523
"5047",0.0014063,0.5858712,0.564636,0.5506733,0.0063774,0.0752392,0.019794,0.1695026,0.0559991,0.4010093,0.6432527,0.3564936,0.7251323,0.0422573,0.041756,0.6992875,0.5177846,0.1384761,0.001979,0.6467782,8.4e-06,0.6696273,0.5794996,0.6938987,0.2224316,0.6195812,0.2040096,0.0609931,0.5513627,0.0067418,0.371118,0.013016,0.6954892,0.000462,0.3272515,2.27e-05,0.0093571,0.545893,0.6325776,0.0260782,0.0038895,0.6198202,0.0795014,0.1556764,0.4710343,0.6465139,0.0651443,0.5036927,0.0081166,0.1661359
"5049",0.0020608,0.5264279,0.6773426,0.4948514,0.0093193,0.0840647,0.0122008,0.1526674,0.052661,0.394399,0.6924505,0.4025701,0.6640761,0.0289961,0.037631,0.4489964,0.6724211,0.1846513,0.0025903,0.7722917,0.0003603,0.6399051,0.6451562,0.5467182,0.2472929,0.6044902,0.3789033,0.0980405,0.6508257,0.0197749,0.3852205,0.0144472,0.6374939,0.0002011,0.3176023,0.0001895,0.0149101,0.602367,0.5904212,0.0184577,0.0056127,0.5046385,0.0692399,0.1344353,0.5232226,0.7408524,0.0352499,0.6148773,0.0162194,0.1571748
"5051",0.0005363,0.6073894,0.7447298,0.4213804,0.0013251,0.028715,0.0175962,0.1279987,0.101121,0.4449794,0.6061228,0.3391195,0.7016011,0.0285728,0.0349406,0.5586019,0.5055916,0.1547545,0.0142504,0.633284,1.08e-05,0.6849947,0.6728577,0.6230464,0.2653813,0.6489233,0.2716988,0.0853965,0.5404228,0.0032766,0.3879786,0.0146184,0.6445594,0.0018047,0.1878908,0.0001368,0.0051996,0.4888232,0.6661513,0.0343354,0.0160443,0.642256,0.0828118,0.1512061,0.4801515,0.8384389,0.0542837,0.7470279,0.009551,0.1521643
"5053",0.0150299,0.561371,0.6192238,0.498257,0.0120387,0.1565971,0.0245603,0.1119329,0.0769372,0.4770898,0.6787876,0.3389276,0.5877703,0.0113116,0.0283036,0.4557077,0.6432934,0.4986551,0.001208,0.6806244,0.0427718,0.5700147,0.5789813,0.5792756,0.1991316,0.603737,0.4772991,0.2553954,0.7467741,0.0034984,0.5224541,0.2549223,0.7118171,0.1483493,0.1826188,0.0088665,0.004821,0.5783364,0.6008743,0.0154474,0.0328265,0.6415077,0.0752023,0.0909503,0.4216055,0.7203613,0.0710615,0.7958711,0.0086352,0.1578754
"5055",0.0195174,0.6543326,0.6038868,0.518521,0.0225197,0.2602728,0.0522317,0.1749584,0.0299611,0.5880401,0.6518782,0.3555358,0.5766348,0.0225568,0.0499324,0.515604,0.6688399,0.50493,0.0003554,0.7328948,0.0263668,0.6095235,0.6338498,0.5804285,0.1960633,0.5755949,0.4179393,0.278872,0.6394219,0.0071028,0.5538058,0.1833651,0.7285366,0.1510374,0.1198118,0.0277383,0.0138372,0.6354828,0.629099,0.0313597,0.0109576,0.6251408,0.0968005,0.1691222,0.4460466,0.6128212,0.0583274,0.6369214,0.070642,0.1587486
"5057",0.0197381,0.5992625,0.645974,0.4870086,0.0152283,0.1541869,0.0133409,0.0875635,0.0191929,0.3151441,0.687413,0.3723768,0.6275821,0.0194184,0.0315689,0.5424756,0.635696,0.5901844,0.0033682,0.6849515,0.0221477,0.5947611,0.499485,0.5585133,0.192836,0.6841311,0.5687143,0.2220483,0.6132282,0.0160835,0.5385851,0.2468187,0.5983936,0.1866477,0.1685995,0.0227837,0.0187667,0.6759507,0.5341199,0.0141765,0.0159022,0.6016309,0.0586065,0.0894255,0.4777386,0.6055389,0.0646165,0.7672236,0.023437,0.1875559
"5059",0.0297816,0.6102068,0.6542244,0.3994928,0.0196951,0.1834939,0.0100252,0.1179184,0.0217368,0.4263972,0.62383,0.3604132,0.5385823,0.0393644,0.0451553,0.4508215,0.6843639,0.6726713,0.0051526,0.6689558,0.0168723,0.590588,0.5887429,0.4833081,0.1428057,0.6441636,0.4147566,0.210272,0.6477832,0.0080146,0.4447211,0.2127427,0.6758299,0.1954402,0.1499584,0.0092947,0.0232771,0.659647,0.8143595,0.0267281,0.008518,0.7174984,0.1165216,0.0964978,0.5115467,0.6650673,0.0464338,0.5390512,0.0348179,0.1563532
"5377",0.0130397,0.6763681,0.5900536,0.5628645,0.0333064,0.1898065,0.0156561,0.1668423,0.0316262,0.3837919,0.6207174,0.4172221,0.5414032,0.0104236,0.022688,0.5394148,0.538674,0.6312454,0.001743,0.6268609,0.0417379,0.6248764,0.5272717,0.5344758,0.1728536,0.7641411,0.4544074,0.2985662,0.595866,0.0117791,0.4428734,0.1943403,0.5807607,0.1574838,0.1997707,0.0210327,0.0071204,0.6253549,0.705621,0.057866,0.0115084,0.6882316,0.0990598,0.0972013,0.4969943,0.5736125,0.04554,0.7361976,0.0418012,0.2042583
"5379",0.0180393,0.7539478,0.7028099,0.5846986,0.0091396,0.0698119,0.0124721,0.1359384,0.0307875,0.3622334,0.333843,0.2783209,0.1690789,0.0269002,0.0333647,0.5424132,0.5670024,0.5712335,0.0041255,0.6106328,0.0288214,0.5465061,0.5371128,0.5076123,0.2086392,0.581126,0.5204252,0.3697459,0.5311413,0.0023691,0.2109603,0.0529275,0.3793674,0.0960577,0.1241158,0.0257844,0.0014702,0.4303828,0.6171537,0.0192029,0.01372,0.6779216,0.0618168,0.0059709,0.449443,0.6071769,0.0488246,0.5181498,0.0275125,0.0188737
"5381",0.0143866,0.6413619,0.5176428,0.5617089,0.0408552,0.067594,0.0369343,0.1507186,0.0604515,0.4560859,0.3219183,0.3987374,0.1223628,0.0159817,0.084587,0.438055,0.5646144,0.5427531,0.0019256,0.5259493,0.0174132,0.5919223,0.516184,0.7614448,0.2604869,0.6617745,0.4941734,0.4191453,0.5590629,0.0195462,0.226896,0.0289162,0.3083786,0.0771366,0.1697847,0.0318572,0.0034657,0.3437283,0.5993525,0.0113686,0.0073524,0.6695539,0.1003817,0.0057627,0.4039464,0.6879328,0.0447281,0.6632535,0.06494,0.0046047
"5383",0.027353,0.5908131,0.477727,0.4080093,0.0421441,0.057262,0.0212227,0.1689133,0.0869912,0.4973924,0.3845755,0.3036791,0.1203422,0.0486126,0.1115271,0.6177216,0.6352341,0.6232883,5.58e-05,0.565748,0.0204675,0.6897567,0.5569238,0.5323591,0.1834989,0.5544983,0.5317041,0.2882557,0.6999171,0.0145444,0.1359129,0.0251683,0.3107905,0.0843037,0.2122365,0.0328807,0.0004466,0.2986049,0.7391067,0.0266585,0.0072523,0.5360326,0.0851154,0.0125369,0.2834612,0.63308,0.0865102,0.498975,0.0338581,0.0072196
"5385",0.0093474,0.6270156,0.5349752,0.4764603,0.0248645,0.1370114,0.0357888,0.1644233,0.070052,0.4683424,0.3620088,0.4099162,0.1359207,0.0262648,0.1063529,0.5112157,0.4888674,0.6415372,0.0022179,0.545855,0.01931,0.58516,0.5394413,0.5800121,0.2855607,0.8581023,0.4889702,0.2793862,0.53882,0.0070889,0.1628582,0.0165042,0.2988092,0.1180184,0.2810854,0.0198808,7.55e-05,0.4171308,0.7064666,0.052619,0.0053101,0.6344693,0.0486912,0.0116723,0.3984783,0.5849533,0.0936891,0.646488,0.0355613,0.0019384
"5387",0.0232995,0.6373845,0.5690922,0.4801785,0.0172946,0.1114322,0.0442823,0.1126972,0.0577195,0.6024951,0.3668146,0.361189,0.1284089,0.0293853,0.1135488,0.4413118,0.6017601,0.5819716,0.0153849,0.6474417,0.0196549,0.6504274,0.5755018,0.6027487,0.234294,0.5576197,0.494481,0.4304523,0.660212,0.0099526,0.2353363,0.011299,0.3418908,0.1959131,0.216557,0.0881838,0,0.3584095,0.5868675,0.0394579,0.0220633,0.6541122,0.0723578,0.0104871,0.3351695,0.5169223,0.0341211,0.6792272,0.0190931,0.0041621
"5389",0.0222839,0.5780316,0.653989,0.5227493,0.0098102,0.1785658,0.0246206,0.1219831,0.0477975,0.5666958,0.5847918,0.3788812,0.5525401,0.0158782,0.041553,0.5315942,0.5611049,0.5078072,0.0100939,0.6441705,0.0180855,0.6669167,0.5088692,0.5916001,0.2420266,0.6398983,0.4098224,0.1526523,0.6090131,0.0033936,0.4729935,0.2192729,0.6528518,0.1559083,0.245588,0.0324585,0.0022593,0.7420243,0.5665574,0.0187465,0.0219857,0.7237217,0.0827881,0.1374885,0.4214552,0.6374146,0.0615734,0.5903904,0.0585505,0.0878413
"5391",0.0286398,0.7000171,0.7540994,0.4116563,0.0094998,0.1680953,0.0403102,0.1855279,0.0508599,0.451244,0.6117358,0.38653,0.6217305,0.013778,0.0129333,0.584376,0.5579177,0.6062355,0.0014364,0.6711633,0.0391917,0.6001714,0.6241751,0.5998353,0.2152648,0.5402704,0.3626402,0.1741553,0.7685397,0.0022665,0.5557289,0.2101599,0.5638786,0.1317226,0.2044129,0.0225128,0.0034394,0.6529449,0.5892233,0.0296268,0.0101251,0.7217037,0.061342,0.097545,0.5350185,0.5927329,0.0578245,0.6323769,0.0115437,0.115576
"5393",0.0174834,0.7918624,0.6355881,0.4374899,0.0284511,0.2223644,0.0171578,0.1485949,0.0288535,0.4125027,0.7015744,0.349471,0.6102729,0.0193113,0.0180506,0.5751213,0.6031889,0.5136286,0.0011117,0.6065006,0.0242054,0.5400315,0.6315869,0.5755206,0.2682313,0.7320135,0.4293847,0.1011986,0.6043013,0.0120623,0.4475935,0.2336483,0.6902945,0.1317867,0.208051,0.008088,0.0072004,0.5400711,0.5731418,0.0165297,0.0145769,0.630879,0.0893115,0.1415554,0.4989973,0.6041697,0.0554379,0.5879498,0.0251064,0.1542787
"5395",0.0228852,0.6960455,0.5015528,0.5051698,0.0235679,0.1966594,0.0063841,0.1664745,0.0284776,0.3263219,0.6352945,0.3697813,0.6734199,0.0157691,0.0114696,0.4333932,0.587347,0.5153959,0.0041319,0.5316267,0.0336364,0.7109511,0.6031029,0.5850019,0.1972913,0.6079731,0.4935314,0.1510661,0.6836448,0.0138001,0.5399083,0.2112729,0.6874011,0.1743326,0.1977821,0.0395257,0.0132377,0.5768908,0.6670688,0.0137686,0.009923,0.5554791,0.0805447,0.1617191,0.4291874,0.5852183,0.0668807,0.5896559,0.0278329,0.1694142
"8275",0.0094042,0.6143195,0.6042523,0.4885063,0.0145131,0.1747666,0.0151121,0.1590406,0.0159858,0.3301369,0.6422955,0.491365,0.6168686,0.0226186,0.0283419,0.4938151,0.6491602,0.512428,0.0067833,0.5110842,0.0353348,0.5429396,0.579015,0.5856241,0.1979918,0.6819009,0.4607939,0.2838822,0.6714712,0.0416186,0.4071214,0.1791016,0.7192212,0.1922355,0.2233756,0.0203688,0.0107398,0.5724295,0.6776546,0.0438825,0.0171365,0.5960523,0.0702212,0.1197518,0.5268806,0.6242549,0.0867617,0.6905472,0.0237636,0.1592458
"8277",0.0031178,0.6336361,0.6358352,0.3487042,0.0002153,0.1867617,0.0174073,0.0105284,0.0115492,0.4546982,0.5056916,0.2723592,0.6146902,0.0389221,0.0190986,0.6030176,0.5839952,0.5516191,0.0032414,0.0459045,0.0091385,0.7487596,0.5621684,0.5047827,0.1910277,0.4384887,0.5158678,0.2406276,0.5855961,0.0065531,0.5337045,0.3176788,0.1940751,0.130465,0.3195561,0.0207145,0.0154636,0.2164461,0.6127504,0.0316118,0.0129471,0.3598843,0.063267,0.197236,0.4485395,0.6875394,0.0705277,0.6426407,0.0032338,0.1680117
"8279",0.0021237,0.6726621,0.5614777,0.262885,0.0004628,0.2121803,0.0457251,0.0013134,0.0024924,0.3858851,0.6070387,0.2419049,0.5674773,0.0705041,0.0223081,0.6172562,0.294938,0.4996356,0.0009622,0.0903792,0.0021008,0.5977499,0.5422832,0.6572123,0.2324903,0.3636996,0.441436,0.063515,0.5821329,0.0118059,0.5230625,0.1849694,0.1902948,0.1649182,0.2854832,0.0199449,0.0980329,0.2156467,0.5565204,0.0334366,0.1076374,0.4110361,0.0450197,0.5110481,0.2410445,0.6252174,0.1053844,0.6489707,0.0012306,0.1773044
"8281",0.0007821,0.7236447,0.6073858,0.2710924,0.0001373,0.1977733,0.0538295,7.68e-05,0.0034038,0.3284336,0.5709303,0.2622173,0.6732571,0.0356652,0.0273495,0.7490609,0.3958549,0.4945599,0.0003358,0.0720482,0.0072196,0.5786545,0.5773669,0.566067,0.3605913,0.3597273,0.5270981,0.1502253,0.6698308,0.0164142,0.4058611,0.2141676,0.1641906,0.1862468,0.341276,0.0199975,0.1595599,0.2938713,0.6448666,0.0257622,0.08041,0.3578573,0.0122569,0.5527766,0.2355469,0.5670998,0.164818,0.6507432,0.0004871,0.2460145
"8283",0.0007004,0.7451664,0.5462698,0.242117,0.0009448,0.2371872,0.026409,8e-07,0.0047995,0.3249424,0.4949705,0.3379442,0.6149684,0.0357203,0.015371,0.6625788,0.4792958,0.5553802,0.0015111,0.0407842,0.0038264,0.7290953,0.5210799,0.645678,0.3142091,0.3385248,0.4393272,0.0647382,0.5686701,0.0071887,0.4747627,0.2222204,0.1418579,0.1284243,0.4075578,0.0133811,0.1686543,0.2202964,0.5723277,0.0149116,0.0589157,0.2908147,0.0250307,0.5278951,0.1419482,0.6055337,0.1513495,0.5030155,0.0015421,0.212945
"8285",0.0024213,0.6924809,0.6066834,0.2775052,0.0003462,0.1470453,0.0195973,1.59e-05,0.0008427,0.3424736,0.5058533,0.3023917,0.6279432,0.0243443,0.036311,0.5409375,0.4542467,0.5415421,0.0005356,0.0855227,0.0001507,0.5886773,0.532958,0.6316659,0.3257374,0.3675928,0.4807158,0.0555378,0.7162289,0.0348121,0.3981515,0.2697577,0.0812704,0.14202,0.3996891,0.0362891,0.2261678,0.1739852,0.5943756,0.010062,0.0415751,0.2412363,0.067106,0.3921063,0.1838708,0.6595101,0.1830232,0.5729742,0.0028365,0.2134546
"8287",0.0286723,0.6159366,0.6201062,0.5838557,0.034178,0.1606398,0.0424204,0.1316125,0.0812152,0.1646701,0.6200946,0.3314567,0.588719,0.0135619,0.0327456,0.5809336,0.5634564,0.5847194,0.0067686,0.2922514,0.0337673,0.7023344,0.5579072,0.4499419,0.2696659,0.5897655,0.4847299,0.0596798,0.6370367,0.0206548,0.3202414,0.1980812,0.7239922,0.1724934,0.3295767,0.012812,0.04113,0.5149339,0.5594407,0.0306935,0.0206105,0.5668972,0.0748708,0.1439608,0.3610482,0.6570614,0.0802555,0.5541523,0.027854,0.1650185
"8289",0.0243501,0.7282925,0.7258187,0.4719154,0.026827,0.2320322,0.0351599,0.1689837,0.0394768,0.2891531,0.5732297,0.3637204,0.666486,0.0318912,0.0180073,0.5495797,0.5949558,0.6399798,0.0066392,0.641678,0.0315376,0.6718017,0.56515,0.485399,0.2399758,0.5694229,0.5076123,0.1017218,0.6150993,0.015672,0.4343169,0.1950623,0.6980774,0.165734,0.2672683,0.032354,0.0008879,0.6731041,0.6328607,0.0167975,0.0162476,0.6723318,0.0745336,0.0892251,0.4613492,0.6596871,0.0726628,0.6759894,0.0247451,0.1308989
"8291",0.0093473,0.6155035,0.7100591,0.464589,0.006774,0.277774,0.022682,0.1065759,0.0498568,0.5164624,0.5835593,0.3812151,0.5938322,0.0117618,0.0145895,0.5754383,0.6328075,0.6776151,0.0095331,0.6981016,0.0323528,0.5823813,0.6004791,0.564788,0.1935322,0.5455627,0.4458962,0.4537107,0.6517569,0.0091359,0.434339,0.223927,0.7275898,0.1324018,0.3112641,0.0258368,0.0072088,0.6537551,0.6645865,0.011092,0.0165582,0.6381427,0.0661102,0.0850731,0.459005,0.5777388,0.0758076,0.6098472,0.0244001,0.1182226
"8293",0.0212147,0.545945,0.581938,0.5397324,0.0108893,0.2328105,0.0228058,0.1134761,0.0209306,0.3469916,0.5938276,0.4780814,0.7036372,0.027396,0.0223197,0.6205999,0.6782269,0.7392479,0.0025937,0.7198407,0.0156023,0.7190864,0.5610219,0.5542175,0.306339,0.5579025,0.5461089,0.4083187,0.6166017,0.0102382,0.4695373,0.2268396,0.5845536,0.1385078,0.1909577,0.0225518,0.0193743,0.4917441,0.6134539,0.0240153,0.0224412,0.6107205,0.0743619,0.102591,0.382584,0.6102332,0.0385869,0.5931182,0.0199889,0.1545403
"13231",0.0257753,0.6728918,0.6022144,0.5048479,0.0197364,0.1635576,0.0346134,0.1998988,0.0435404,0.3653283,0.7001438,0.3998163,0.597129,0.019825,0.0236173,0.5701263,0.6097601,0.6195109,0.0096777,0.5732475,0.049401,0.5622092,0.5068781,0.5262866,0.1702207,0.5683571,0.4481881,0.277832,0.5219157,0.024457,0.3676737,0.1869754,0.6860561,0.13266,0.1935873,0.014202,0.0106288,0.6723851,0.641769,0.0350511,0.0240595,0.6290664,0.1005794,0.1354098,0.4843952,0.5030192,0.0408319,0.5013031,0.0155004,0.1530709
"13233",8.72e-05,0.6005543,0.6317065,0.1529267,0.0055777,0.1131195,0.126539,0.1463879,0.0494234,0.4703278,0.6171393,0.3187948,0.6006273,0.0018075,0.0078837,0.5639,0.6486762,0.6653995,0.0016385,0.6838773,0.0164237,0.5353544,0.4540257,0.5906913,0.2805507,0.5410142,0.5427289,0.5221725,0.6375013,0.0027297,0.3328691,0.1769373,0.6000412,0.1390771,0.3793182,0.0135281,3.4e-06,0.7100651,0.5212784,0.0257208,0.0005844,0.6599903,0.0761254,0.1176583,0.5770669,0.6145371,0.0172158,0.6791197,0.0167801,0.1384411
"13235",7.52e-05,0.5937472,0.5264171,0.1775115,0.0270188,0.0939649,0.430591,0.14067,0.0437577,0.4200006,0.6944779,0.2221069,0.7656388,0.0034022,0.0363548,0.5012485,0.366983,0.5724666,0.0009054,0.6265103,0.0005974,0.4722801,0.4903711,0.5123787,0.2484664,0.4817467,0.5739607,0.576368,0.5874313,0.0180792,0.3624799,0.2981482,0.6146302,0.1536346,0.2756339,0.0187697,6.55e-05,0.605674,0.6659016,0.0099236,0.0002943,0.7518365,0.0679803,0.1729038,0.5571653,0.6920595,0.0116481,0.6259091,0.0094451,0.1582899
"13237",0.0021865,0.679827,0.5808508,0.1959736,0.0398635,0.1037169,0.4918079,0.1401074,0.0463018,0.3959649,0.6819006,0.1876553,0.6091674,0.0149602,0.0306286,0.569447,0.2032992,0.801681,0.0011564,0.5519425,1.8e-06,0.3840059,0.4661882,0.6648762,0.3020978,0.4394755,0.4356799,0.5601603,0.5827665,0.034264,0.3003009,0.172518,0.6215833,0.1221132,0.2911366,0.0337581,0.0016003,0.606845,0.6071727,0.0126702,0.0007686,0.7890269,0.0881195,0.1249418,0.5710828,0.5967456,0.0176477,0.630651,0.019386,0.1718715
"13239",0.0042029,0.682529,0.7664867,0.0929425,0.0214137,0.1603474,0.5367765,0.1002655,0.0389003,0.4110776,0.6626955,0.1271117,0.609599,0.0625562,0.023177,0.4945396,0.1365636,0.6752753,0.0002282,0.7273726,1e-06,0.4729815,0.4936559,0.6299464,0.1827497,0.5127918,0.4667577,0.4602026,0.6997465,0.0144742,0.4005839,0.2160698,0.6690333,0.2450142,0.1718105,0.0234797,0.0024659,0.6146587,0.8169599,0.013175,0.0012613,0.5165048,0.0794537,0.0880685,0.4306964,0.573904,0.0146315,0.7430058,0.0162519,0.1898044
"13241",0.0006852,0.6638654,0.6634122,0.1257491,0.0380484,0.165255,0.6002352,0.1472117,0.031401,0.4701433,0.6918521,0.1880406,0.6275482,0.0963058,0.066821,0.4865074,0.01809,0.5921888,0.0001383,0.6031096,3.8e-06,0.5497355,0.4847726,0.6650705,0.2839409,0.4584264,0.5695068,0.523825,0.556757,0.0096007,0.4151684,0.1793187,0.6105193,0.1597422,0.1192345,0.0299494,0.0002288,0.6191339,0.8286039,0.0204152,9.51e-05,0.6383457,0.0816138,0.0709754,0.4743641,0.6621137,0.01459,0.5983109,0.014496,0.1384221
"13243",0.0487862,0.6845174,0.5997613,0.4423017,0.0301745,0.2334608,0.16307,0.1091961,0.0130139,0.4684765,0.6074815,0.2669372,0.5961943,0.1193312,0.0141375,0.5113453,0.2116265,0.5153304,0.0047169,0.5270144,0.0459786,0.6624046,0.5765178,0.6127587,0.2481234,0.5921832,0.4412879,0.1567003,0.5762318,0.0095283,0.4197529,0.240844,0.5935901,0.1707673,0.2663031,0.0151239,0.0072383,0.7030279,0.7127711,0.0289541,0.0069278,0.596258,0.0432902,0.1228283,0.5941735,0.6822538,0.0245589,0.6870296,0.0167565,0.1483268
"13245",0.0125936,0.5943635,0.6364174,0.4561767,0.0359755,0.2105276,0.0527893,0.1409006,0.0328395,0.3385855,0.6911692,0.3696871,0.6646046,0.0155249,0.0188175,0.4958909,0.5922917,0.6012511,0.0017351,0.6582976,0.0340139,0.7152945,0.5339204,0.6547916,0.239402,0.6442503,0.4339627,0.3202694,0.640092,0.0427274,0.5132102,0.2070975,0.6289509,0.1426253,0.256841,0.0468496,0.010265,0.6133378,0.6545418,0.0257464,0.0061962,0.6581426,0.0826961,0.1311457,0.5298926,0.5540976,0.0497111,0.676979,0.0271349,0.1159206
"13247",0.022614,0.8011722,0.6953807,0.4949548,0.0415483,0.1761458,0.0329604,0.1023049,0.0260861,0.5409229,0.6271862,0.3751024,0.585778,0.0109924,0.0371481,0.6641884,0.675665,0.5228984,0.0014497,0.702738,0.0253399,0.69399,0.7938821,0.6418284,0.2828603,0.5441704,0.5537532,0.1523056,0.560837,0.0093586,0.4682081,0.2475583,0.59961,0.1618822,0.1369994,0.0248653,0.0131559,0.6469558,0.6840101,0.0183083,0.0073301,0.6333552,0.0574233,0.1427685,0.5201602,0.5598096,0.04055,0.6904711,0.0307031,0.2371227
"13249",0.0259867,0.5600589,0.6671986,0.5150106,0.0262097,0.2612819,0.0653149,0.1237482,0.0271276,0.3692259,0.7158062,0.4145855,0.7295282,0.0344617,0.0265442,0.4848592,0.5940918,0.5719542,0.0068347,0.6121236,0.0265013,0.5918109,0.6508567,0.6089324,0.2036052,0.6072464,0.487922,0.2926112,0.5768156,0.0055509,0.5061718,0.2652435,0.6426724,0.1548759,0.2125233,0.0272374,0.0155723,0.5537266,0.6097947,0.0130366,0.0054998,0.6064506,0.0902463,0.109771,0.596593,0.6567181,0.074257,0.6547112,0.0136588,0.1247637
"13609",0.0208561,0.6123251,0.5831585,0.5018199,0.0337732,0.1549454,0.0223654,0.1820115,0.0383132,0.3184413,0.5504412,0.4518542,0.5231573,0.0126177,0.0279588,0.4638072,0.7430967,0.5961141,0.002175,0.5674773,0.0323069,0.682915,0.6700673,0.6296218,0.2516832,0.6544163,0.5835517,0.2575091,0.5901828,0.0102245,0.3855848,0.1813811,0.6107454,0.1915578,0.2052703,0.0234461,0.0072915,0.6471259,0.7131994,0.0317164,0.0158538,0.6249342,0.0644724,0.1313801,0.5410932,0.5691682,0.061214,0.6352777,0.0246733,0.1933413
"13611",0.0062987,0.6819915,0.6718516,0.403928,0.0219197,0.2462698,0.0407894,0.1353883,0.033826,0.5681561,0.6050521,0.339765,0.6419142,0.0242401,0.0293248,0.5030014,0.6119922,0.541733,0.0191743,0.5935761,1.01e-05,0.6241484,0.5571355,0.519325,0.1950031,0.6720243,0.4321542,0.0749602,0.8097647,0.0149859,0.3297263,0.2571703,0.7562252,0.1075251,0.3331518,0.0094257,0.0330296,0.6488881,0.6789711,0.0064948,0.0126023,0.5920044,0.0001411,0.1542684,0.5121878,0.5680098,0.0437545,0.62194,0.0470962,0.1412065
"13613",0.0003386,0.6276116,0.659703,0.5564232,0.0288392,0.1951568,0.0148944,0.0863254,0.0330811,0.441409,0.6370683,0.3619396,0.6279719,0.0404168,0.0404859,0.4765582,0.5309103,0.5265131,0.0090708,0.7235681,0.000726,0.6730335,0.7343099,0.557031,0.253702,0.7476625,0.436596,0.0938114,0.6506249,0.009738,0.2485254,0.1642981,0.6027063,0.1716312,0.2246895,0.0019556,0.0063966,0.718698,0.6573885,0.0095648,0.0176256,0.6052455,0.0001286,0.1649949,0.4281765,0.6206449,0.0687445,0.6855086,0.0331304,0.1583731
"13615",0.0041134,0.5683556,0.6275373,0.5146127,0.0090903,0.153655,0.0257368,0.1437002,0.0393653,0.300914,0.5269614,0.4037788,0.5382358,0.024359,0.0464245,0.6339794,0.6782485,0.6910589,0.0022573,0.7021409,0.0001255,0.6471082,0.648851,0.5408168,0.1628108,0.5427912,0.3593577,0.3032964,0.5939129,0.0222476,0.2685814,0.1889389,0.548481,0.1591008,0.2151314,0,0.0333168,0.6675936,0.6607581,0.0210075,0.0062303,0.7298673,0.0003908,0.0874293,0.4786287,0.5280503,0.0469229,0.5915958,0.026392,0.2072447
"13617",0.0004478,0.6931056,0.8507192,0.4891379,0.0347527,0.1658852,0.0081324,0.1290449,0.0410381,0.3173474,0.6573576,0.3914441,0.605595,0.0124638,0.020825,0.5808082,0.6089193,0.655643,0.0032425,0.6666102,4.1e-06,0.5713003,0.6691492,0.5853585,0.2368502,0.5612052,0.4450282,0.3071678,0.4979277,0.0037264,0.2779933,0.2189775,0.6608308,0.1566236,0.1437038,1.55e-05,0.0033883,0.6536215,0.5730139,0.0076518,0.0051725,0.6458562,6.16e-05,0.2115853,0.4867652,0.7032977,0.0406188,0.8101038,0.0303968,0.241812
"13619",0.0007883,0.5209376,0.5529988,0.5501156,0.0176419,0.2053493,0.0048704,0.1366772,0.0394392,0.3562879,0.6104444,0.4025476,0.6949628,0.0064224,0.0230142,0.6117966,0.6318673,0.6088683,0.0017827,0.6548423,0.0001867,0.5748368,0.5781541,0.4625033,0.1837804,0.6701401,0.4501026,0.1975368,0.6756129,0.0037126,0.2655242,0.215045,0.7171184,0.1285046,0.2381704,0.0006718,0.0131662,0.6725602,0.649085,0.0052459,0.0060919,0.6137444,0.0003099,0.1029754,0.4998652,0.7312781,0.0787042,0.5787301,0.0176348,0.1526476
"13621",0.0165604,0.6502315,0.7531119,0.5061537,0.0107742,0.1889896,0.0090866,0.1377592,0.0580734,0.4321744,0.6007037,0.3107974,0.7260851,0.0394404,0.0546884,0.5039909,0.5433455,0.584871,0.0025694,0.5093975,0.0187579,0.5932945,0.6119592,0.6337926,0.1829342,0.6078809,0.3500978,0.1304101,0.5920687,0.0099559,0.5762699,0.2314593,0.5839985,0.1943705,0.2232132,0.0218556,0.0095818,0.5621074,0.7180619,0.0191385,0.0073241,0.6690798,0.052568,0.1307936,0.5183114,0.5750586,0.0425972,0.532976,0.0230407,0.1237271
"13623",0.0377567,0.5716858,0.699834,0.5290257,0.0767636,0.197012,0.0180811,0.1894542,0.0323318,0.4360086,0.6103195,0.3310505,0.6583639,0.0156397,0.027419,0.4982755,0.5193334,0.5593458,0.003839,0.6788599,0.0192822,0.7148737,0.5658385,0.5487294,0.1966805,0.7831841,0.4029325,0.2118018,0.6428141,0.0065887,0.4915651,0.160112,0.5589878,0.1632209,0.0797092,0.0075121,0.0054339,0.7308713,0.5962352,0.0141065,0.0022076,0.637476,0.0649765,0.0728913,0.5539577,0.7128305,0.0508201,0.6556014,0.036806,0.1446426
"13625",0.0491799,0.6113329,0.64224,0.542784,0.0190431,0.2300622,0.0207624,0.1247278,0.029623,0.353569,0.6628123,0.3508579,0.5693499,0.0347313,0.0403953,0.5639801,0.5363321,0.5093564,0.0030696,0.6134955,0.0587861,0.549956,0.5616789,0.5958409,0.2275763,0.637051,0.5506704,0.2094424,0.6054182,0.0198323,0.4726568,0.2347246,0.4898705,0.1692171,0.1793998,0.045014,0.0223644,0.670044,0.5567936,0.0080245,0.0126775,0.6381599,0.0700159,0.1406556,0.5582944,0.6360222,0.0461331,0.5137433,0.0310859,0.1702875
"13627",0.0256081,0.5371431,0.6752873,0.4986042,0.0386451,0.1883319,0.0203992,0.1116464,0.041857,0.3292525,0.6958127,0.3171734,0.7970895,0.029436,0.0191705,0.6167111,0.6063504,0.6214256,0.0007977,0.6316234,0.0270996,0.6436385,0.5842563,0.5634256,0.1931509,0.6822564,0.5165057,0.0582519,0.6801611,0.0032224,0.5187655,0.180172,0.6026131,0.1723385,0.1496723,0.0293553,0.004097,0.6410643,0.6050869,0.0356806,0.0181787,0.5180313,0.1212605,0.130759,0.5524746,0.5993874,0.0526903,0.6789039,0.0334039,0.1647226
"16570",0.0162897,0.6913054,0.5247624,0.46061,0.0178802,0.1728415,0.0318628,0.2064325,0.0200197,0.4293506,0.5978804,0.4910078,0.5836764,0.0221549,0.0167603,0.5357128,0.6016058,0.6549102,0.001297,0.5435841,0.083627,0.6164826,0.690846,0.5614896,0.2090786,0.7514723,0.4528389,0.2604012,0.5571689,0.0251072,0.4310177,0.1577077,0.6589933,0.1990967,0.1656201,0.0260806,0.0114573,0.602136,0.6964322,0.0687983,0.0284997,0.5545712,0.0945643,0.1123502,0.5397996,0.5558504,0.0479754,0.5766733,0.0206078,0.1606325
"16572",0.0125316,0.543694,0.6797358,0.4113106,0.0023324,0.1498705,0.0041186,0.1274015,0.0460227,0.50443,0.5158427,0.3994764,0.6406835,0.0304478,0.0310173,0.442662,0.8494023,0.318913,0.0071142,0.7877155,0.0207376,0.8034676,0.2997575,0.603724,0.2267575,0.1897137,0.472624,0.3915743,0.732114,0.0031492,0.5006452,0.2396207,0.3929929,0.0144789,0.4749603,0.0013496,0.0105046,0.6258062,0.7719168,0.0042058,0.0094788,0.5747436,0.0650183,0.1067753,0.5181283,0.6652877,0.1397435,0.5779349,0.0478432,0.1273824
"16574",0.0006506,0.7242081,0.618035,0.5088245,0.0122763,0.1115901,0.0029534,0.134044,0.0274995,0.5060449,0.6834272,0.3000483,0.5867947,0.020357,0.0267427,0.4278678,0.6779258,0.2974539,0.0056135,0.6082824,0.0303298,0.7918513,0.2970872,0.6308857,0.2997162,0.1554425,0.4286273,0.4292849,0.7171632,0.0027093,0.3459728,0.240497,0.3216214,0.0114386,0.6611264,4.9e-06,0.0040381,0.7106446,0.5805986,0.0047318,0.0235601,0.6415699,0.0984693,0.106938,0.6178544,0.7419718,0.2762142,0.6075694,0.0310555,0.1237676
"16576",0.0030771,0.7683146,0.6678149,0.4322128,0.0156816,0.0961263,0.0031548,0.1122584,0.0125428,0.590169,0.6707138,0.3744387,0.6733921,0.0143306,0.0367382,0.5630931,0.6814879,0.3190223,0.006339,0.6435458,0.0312412,0.5615814,0.2276451,0.5659751,0.4646837,0.1082245,0.4605896,0.3632594,0.6207956,0.0033671,0.3216975,0.2103959,0.3935619,0.0082306,0.5929543,1.5e-06,0.0084758,0.6751448,0.6286269,0.0051257,0.0104587,0.5176595,0.0743203,0.1240277,0.4067386,0.5830336,0.4848136,0.6067064,0.0302116,0.1228079
"16578",0.0013299,0.7309548,0.5899675,0.5552471,0.0135795,0.1211528,0.005207,0.0865938,0.0309655,0.5505386,0.6829946,0.4315988,0.6263327,0.0179265,0.0493075,0.5634368,0.673884,0.3165046,0.004799,0.630531,0.0492702,0.6642587,0.1935079,0.6119261,0.3894689,0.1579867,0.511174,0.4236693,0.5435738,0.0022366,0.2363978,0.1913372,0.4247511,0.0242439,0.671328,0.0008616,0.0088561,0.6307611,0.5557027,0.005031,0.0216496,0.6158721,0.0532651,0.1353598,0.5269172,0.64086,0.5946831,0.5844469,0.0185904,0.1762224
"16580",0,0.5990199,0.6437529,0.4338683,0.0023854,0.1287604,0.0283656,0.1658793,0.0595229,0.5207198,0.6591712,0.4302366,0.7158278,0.0310059,0.0524883,0.4975229,0.5813647,0.3731031,0.0074368,0.6336175,0.0273774,0.5880263,0.2909617,0.6052027,0.5012299,0.1586254,0.5105361,0.428553,0.5610428,0.0071315,0.2127816,0.2256755,0.3830101,0.0351722,0.6126021,0.0002198,0.0168265,0.6188309,0.6932768,0.0102037,0.0100414,0.5898374,0.061,0.105206,0.5101309,0.5431273,0.6015264,0.5885471,0.0349229,0.1175718
"16582",0.0182993,0.7044249,0.6208493,0.4278623,0.0443154,0.3128034,0.0222318,0.1128985,0.0667042,0.4456185,0.6226612,0.338028,0.5955282,0.0335696,0.0278294,0.61682,0.6119496,0.5905259,0.0022402,0.5626018,0.0148329,0.6837979,0.6638048,0.5049454,0.2873505,0.610107,0.4752436,0.0964845,0.6186739,0.0162596,0.2347562,0.1985177,0.6312451,0.1901488,0.5286608,0.0348641,0.0110678,0.5960834,0.6073268,0.0161413,0.0408284,0.5917173,0.0485211,0.117397,0.4276551,0.5699893,0.2869582,0.7206686,0.0295047,0.2204974
"16584",0.0582641,0.6457465,0.7281581,0.4458426,0.0177247,0.1744788,0.0447491,0.1623599,0.0492143,0.4348007,0.549992,0.4239436,0.6587058,0.0115015,0.0155166,0.5256417,0.6723182,0.6576467,0.0070554,0.5752663,0.0148998,0.6464046,0.6594074,0.5501692,0.171483,0.7425543,0.5699775,0.0284226,0.6270791,0.0082951,0.3530764,0.1896168,0.4881344,0.1714929,0.3396369,0.0134729,0.0062844,0.5549734,0.4974675,0.0214328,0.0100245,0.6068548,0.0932746,0.1139611,0.37673,0.7172766,0.1329485,0.6540207,0.0454668,0.156762
"16586",0.0540106,0.6559112,0.7273309,0.4747008,0.0081988,0.2430318,0.0348457,0.1290036,0.0172592,0.4254408,0.5207452,0.3821915,0.6489766,0.0114652,0.0408657,0.5813459,0.6232359,0.5278292,0.0005161,0.638495,0.0583214,0.6166558,0.6777161,0.4715865,0.1641616,0.6329719,0.5824496,0.1057001,0.7101845,0.0165064,0.4151179,0.1829338,0.6251972,0.1518681,0.253634,0.0247266,0.0032951,0.6333521,0.5723272,0.0215532,0.0162972,0.5746048,0.0899976,0.0972269,0.445124,0.5320393,0.0894155,0.7034742,0.0235542,0.1778073
"16588",0.0111671,0.6184578,0.5905435,0.5038595,0.0388631,0.18973,0.0498704,0.1598722,0.0428101,0.46149,0.6022519,0.4295087,0.6883543,0.0303474,0.0200713,0.5030028,0.6329795,0.5099265,0.0019063,0.7954743,0.0195651,0.6519933,0.6251723,0.4982077,0.2058921,0.7202983,0.3841529,0.1425691,0.5995422,0.0153822,0.4733464,0.2064051,0.6717119,0.1079411,0.1998951,0.0542401,0.0195183,0.5189173,0.6085572,0.0402305,0.0071334,0.5521689,0.0757791,0.1002967,0.5517429,0.4954971,0.039723,0.6644663,0.0227054,0.1538232
"18145",0.0152875,0.6955525,0.6517162,0.4928721,0.0192233,0.1833777,0.0525498,0.1693496,0.0256365,0.4264613,0.652209,0.3186206,0.5849895,0.0257567,0.0160164,0.529737,0.5886248,0.5676685,0.0016167,0.5750222,0.0356996,0.564932,0.5941006,0.7082227,0.1965004,0.5910848,0.5376147,0.2916445,0.6428967,0.0204544,0.3923276,0.1781983,0.7214904,0.1699472,0.2043174,0.0230136,0.0235791,0.6176014,0.7942032,0.0230276,0.0128381,0.584486,0.104921,0.1580185,0.483136,0.6170894,0.0492535,0.6732423,0.023806,0.1587856
"18147",0.0016853,0.6524549,0.6737364,0.6332968,0.0181526,0.1452822,0.0252204,0.1547982,0.0052735,0.0988116,0.653098,0.5024045,0.5456513,0.0509068,0.0186957,0.6674008,0.600405,0.601255,0.003437,0.7349623,0.0018664,0.6756919,0.5196273,0.5785173,0.4142106,0.5176091,0.5997657,0.0368694,0.508773,0.0060387,0.2704288,0.2090122,0.2347843,0.0099549,0.5821662,0.0100947,0.0038188,0.6065493,0.5633526,0.0244653,0.0012844,0.6499638,0.0682127,0.1453186,0.3737329,0.6765045,0.0177777,0.7523537,0.0577004,0.1632729
"18149",0.0026984,0.6947298,0.6904086,0.6444071,0.0404546,0.1028734,0.0147781,0.1250258,0.0055229,0.0373091,0.6712681,0.4490622,0.5199762,0.0155635,0.018024,0.6839503,0.6341605,0.5456849,0.0053958,0.6443847,2.88e-05,0.7540358,0.5475018,0.5679169,0.4185595,0.6438866,0.5038188,0.1019952,0.6435584,0.0013294,0.2327528,0.216572,0.2586817,0.005179,0.62148,0.0024057,0.0277769,0.6982486,0.6944007,0.0219547,0.0001165,0.7188863,0.0721498,0.1358535,0.5503692,0.6154042,0.0043354,0.6102901,0.0779986,0.1236119
"18151",0.0004779,0.6208357,0.7548706,0.5515629,0.0143388,0.1069922,0.0061024,0.1264846,0.0010546,0.0082658,0.5910256,0.3921653,0.630388,0.0424002,0.0060615,0.6923209,0.6849024,0.5994067,0.0082282,0.629991,9.38e-05,0.7095586,0.552788,0.6666093,0.3716334,0.6806199,0.574427,0.0860066,0.6271368,0.0026904,0.2298475,0.1739479,0.2604121,0.0209398,0.5766961,0.0003263,0.0338714,0.5451934,0.5696265,0.0189346,0.0003021,0.7568699,0.0913216,0.1413833,0.4419628,0.6798597,0.0001694,0.5626654,0.023307,0.2065779
"18153",0.000107,0.6349293,0.8150475,0.7191739,0.0423363,0.1146238,0.0220124,0.1417536,0.002829,0.0330541,0.5481534,0.3501559,0.5248962,0.0276392,0.0234148,0.6389048,0.5911075,0.5272986,0.0096888,0.6813117,0.004194,0.5914337,0.5724834,0.6323435,0.4237938,0.6814221,0.4373631,0.1529246,0.607984,0.0004893,0.158364,0.2395747,0.2394414,0.0097582,0.4769537,0.0005922,0.0353008,0.7344994,0.690644,0.0180794,6.56e-05,0.7022544,0.0665929,0.1164949,0.4848125,0.7180502,0.0010924,0.6652488,0.0165683,0.1766688
"18155",0.0083003,0.6816491,0.6833393,0.6686221,0.0112212,0.0764797,0.002197,0.2215981,0.005729,0.0321087,0.6051673,0.4777002,0.6817749,0.0104347,0.0156042,0.5879856,0.6594054,0.5476142,0.0060548,0.7184671,6.79e-05,0.73007,0.4130228,0.616924,0.4114367,0.6205262,0.4954568,0.5521859,0.5037907,0.0006259,0.1923643,0.2385415,0.2613864,0.0214879,0.5223204,0.0002499,0.0288236,0.6046407,0.6794383,0.02986,0.0002274,0.6410908,0.081551,0.1341321,0.527852,0.7260754,0.0027782,0.66349,0.0265986,0.1988981
"18157",0.0332153,0.6508564,0.689978,0.5675683,0.012072,0.1332213,0.0129444,0.1567675,0.0133819,0.123445,0.6526322,0.5100994,0.6855922,0.0143877,0.0245706,0.6436533,0.7127865,0.4978288,0.0102461,0.5726441,0.0318116,0.5632508,0.5451953,0.617742,0.2829512,0.7083162,0.4599075,0.5146582,0.6741635,0.0224333,0.2708233,0.2577633,0.628264,0.1514461,0.4573947,0.0122859,0.0280212,0.6420323,0.5349958,0.0527051,0.0162157,0.5053447,0.0746653,0.1459455,0.4864338,0.6929826,0.0572519,0.5982056,0.0286318,0.164037
"18159",0.0236331,0.6983249,0.6395954,0.5946662,0.0150783,0.2152369,0.0030849,0.1041884,0.0433996,0.3093408,0.7371725,0.5079552,0.6673981,0.0269773,0.0184918,0.6513216,0.6402272,0.5581176,0.0060916,0.6868727,0.0363222,0.6731792,0.5330742,0.4823398,0.2564711,0.5958342,0.4323217,0.1793825,0.5455761,0.0168652,0.4283183,0.2088561,0.617443,0.1113294,0.2015791,0.0113412,0.0113911,0.6212572,0.6144863,0.0224112,0.0040631,0.5724914,0.1122222,0.1483465,0.6217786,0.6227725,0.0309371,0.6866893,0.0358269,0.1848863
"18161",0.0353272,0.7120627,0.5957594,0.459564,0.0284781,0.143462,0.0204679,0.0968288,0.0314302,0.3327588,0.6239434,0.4290882,0.5915534,0.0212539,0.0159443,0.549067,0.5925145,0.5026787,0.010571,0.6282061,0.0344881,0.7356025,0.604249,0.5549788,0.2108376,0.6965408,0.4740487,0.3422857,0.5899472,0.0086162,0.4160314,0.2341632,0.6903351,0.1424056,0.2202694,0.0355201,0.0091833,0.5794685,0.7238967,0.0246671,0.0065707,0.5864982,0.0958114,0.1665818,0.5592195,0.6752113,0.0588585,0.6469131,0.0221537,0.2058936
"18163",0.0322044,0.6004572,0.7474581,0.5418584,0.0100542,0.229421,0.0298634,0.0941326,0.0360282,0.3652731,0.6539659,0.4474981,0.5978761,0.0245289,0.013513,0.5221661,0.651915,0.6113191,0.002785,0.5662408,0.0222235,0.7381095,0.5401597,0.5569805,0.2022681,0.6649914,0.4811178,0.0856893,0.5988026,0.0057118,0.4675139,0.3222535,0.6602095,0.2095313,0.097521,0.0281088,0.0094208,0.5781031,0.6741898,0.0566755,0.0062917,0.6011588,0.0850635,0.1075406,0.4789079,0.6565681,0.0612605,0.7650517,0.0506887,0.2071839
"19972",0.021606,0.6278034,0.5024779,0.4761983,0.0193107,0.19417,0.0321591,0.1463202,0.048428,0.3531754,0.572823,0.4745924,0.5956006,0.0426852,0.0229068,0.6015632,0.6992094,0.6090722,0.001029,0.5577245,0.0346792,0.5818072,0.5661815,0.5687509,0.1861887,0.6082787,0.5175243,0.2907391,0.5543969,0.0137889,0.3472483,0.17637,0.5555726,0.1349762,0.2013775,0.0144051,0.0019725,0.6389062,0.6788952,0.0292616,0.0250495,0.5779281,0.0896155,0.1354305,0.5168535,0.5395267,0.0694597,0.7345087,0.0283342,0.2049675
"19974",0.0015305,0.6780816,0.5479192,0.5364894,0.0009751,0.1836371,0.0264708,0.10399,0.0207892,0.4532044,0.5647077,0.3449068,0.7806697,0.0236891,0.0108128,0.5025337,0.5842543,0.6071723,0.0009225,0.0195219,0.0118425,0.6653311,0.3217799,0.479982,0.1866679,0.7283016,0.4563192,0.1137203,0.6677554,0.0436704,0.4446672,0.1925899,0.6304221,0.2079607,0.1176211,0.0955391,0.0109593,0.6010976,0.7001698,0.0256166,0.00988,0.3150595,0.0729341,0.0070557,0.5489576,0.6339368,0.0621002,0.6426156,0.0202869,0.1902826
"19976",0.0010067,0.701857,0.6807153,0.4329605,0.0003259,0.2268111,0.0285636,0.1346593,0.0242846,0.4729246,0.5750808,0.433893,0.6865177,0.0296053,0.0084787,0.6749878,0.675255,0.5574343,0.0035704,0.0288761,0.020165,0.602982,0.2329365,0.4697111,0.1405821,0.6692147,0.5174429,0.184517,0.7415428,0.0075982,0.5427032,0.1909462,0.5393882,0.1191214,0.1441832,0.0324607,0.0094903,0.5772497,0.6912215,0.0140054,0.0103714,0.3174539,0.129335,0.0016136,0.4820049,0.6190779,0.0546177,0.6358958,0.0206855,0.1435947
"19978",0.0021607,0.6074879,0.6793283,0.5698488,0.0022939,0.2016989,0.0310568,0.1790705,0.0237136,0.5689938,0.7430747,0.3699417,0.6243017,0.0422842,0.009019,0.5407182,0.5630122,0.4816183,0.023095,0.0318519,0.0281749,0.6765234,0.3352319,0.4843628,0.1285188,0.8063617,0.3988143,0.1197975,0.7502666,0.0106345,0.6375015,0.2424719,0.6849015,0.1151155,0.081453,0.0497886,0.020209,0.5017594,0.6170459,0.0065581,0.0085982,0.198947,0.0729798,0.009953,0.5843815,0.7082209,0.0674371,0.6621812,0.0200168,0.2047319
"19980",0.0001489,0.6075696,0.6166672,0.6655146,1.8e-06,0.1879415,0.0144432,0.1631846,0.0150651,0.4325283,0.6848541,0.3369639,0.6054421,0.0261546,0.0064741,0.5800107,0.6562425,0.5335476,0.0016413,0.0297119,0.0459764,0.6403344,0.3123476,0.6579776,0.1365745,0.7136183,0.4906589,0.3903397,0.5795044,0.013368,0.6224504,0.2087633,0.7108435,0.1335914,0.083015,0.045111,0.0090618,0.6397588,0.679092,0.0155855,0.023733,0.3514342,0.0632369,0.0025076,0.4769831,0.7422642,0.0373921,0.659823,0.0396282,0.1510005
"19982",0.0016376,0.6730985,0.553557,0.5549977,1.32e-05,0.2214799,0.0180151,0.1363513,0.0458964,0.4813139,0.7292852,0.3663802,0.5685258,0.0316766,0.0039717,0.6194623,0.5584795,0.5281116,0.0042664,0.0587055,0.0191953,0.6450803,0.2598613,0.5617621,0.1688989,0.6537658,0.3662461,0.3446331,0.6813391,0.006773,0.520659,0.3090337,0.6951645,0.1768548,0.0614367,0.0278427,0.0106929,0.6543148,0.7274896,0.0263046,0.012075,0.2662246,0.0861194,0.0023207,0.5495707,0.5999651,0.0517542,0.7794776,0.0465002,0.133184
"19984",0.0445955,0.6581823,0.7143204,0.4570329,0.0287808,0.1741393,0.0055578,0.0943281,0.0266935,0.3178482,0.7089142,0.3550108,0.7009455,0.0282683,0.0234303,0.629311,0.4827858,0.5535926,0.0085453,0.7311896,0.0236483,0.6955336,0.6231006,0.6639496,0.3149528,0.6350879,0.4744835,0.3013072,0.5934724,0.0480665,0.513726,0.241521,0.6253956,0.1436133,0.1594842,0.0310945,0.0111112,0.5979593,0.6078802,0.01246,0.0040203,0.6674236,0.0698732,0.0962446,0.4880875,0.6632185,0.0370414,0.6434165,0.0093785,0.1872293
"19986",0.0216267,0.6336695,0.6525591,0.4855425,0.0165444,0.1928711,0.0242345,0.127967,0.0473592,0.3794819,0.6551262,0.3479187,0.6481407,0.0784773,0.0473719,0.5273673,0.4736203,0.6496331,0.0002386,0.7808148,0.0369159,0.5197212,0.5739849,0.5201268,0.233284,0.5731851,0.5133761,0.2010979,0.4735588,0.0083914,0.554869,0.2262,0.7089748,0.094097,0.2160797,0.0336092,0.0053546,0.6486936,0.6368568,0.0209677,0.0152097,0.7434059,0.0917651,0.1131837,0.5234951,0.6458798,0.041319,0.5989822,0.0222115,0.1892802
"19988",0.030583,0.7461406,0.6250438,0.4888461,0.0219735,0.1898827,0.0324128,0.13354,0.0249019,0.4556208,0.6636534,0.4729723,0.7963494,0.0322458,0.0194286,0.621402,0.7127577,0.4922224,0.0004955,0.570274,0.0267554,0.5905562,0.5859756,0.5061033,0.2181017,0.7435919,0.410054,0.1539291,0.5283832,0.0069171,0.5034011,0.2456883,0.6688617,0.1475354,0.2897165,0.0423301,0.0135515,0.5797493,0.6306661,0.0229499,0.0128947,0.6244107,0.0721489,0.1191577,0.5011195,0.7284518,0.0789297,0.5083367,0.0241879,0.108769
"19990",0.0397736,0.5645616,0.6995268,0.5554419,0.026706,0.2719941,0.0323273,0.2083888,0.0210838,0.4032351,0.5481251,0.3230301,0.6402957,0.0314273,0.0346715,0.5437034,0.5701994,0.5211873,0.0002969,0.6685457,0.0179467,0.6322669,0.6676073,0.5103333,0.2320951,0.673077,0.4165321,0.1950045,0.6177411,0.0109095,0.434279,0.2320547,0.5858535,0.1852408,0.2401967,0.0210864,0.0431053,0.7210404,0.5881953,0.0217243,0.009279,0.6156742,0.0588924,0.076693,0.3723523,0.589366,0.0612189,0.719063,0.0314892,0.100653
