"G1","G2","G3","G4","G5","G6","G7","G8","G9","G10","G11","G12","G13","G14","G15","G16","G17","G18","G19","G20","G21","G22","G23","G24","G25","G26","G27","G28","G29","G30","G31","G32","G33","G34","G35","G36","G37","G38","G39","G40","G41","G42","G43","G44","G45","G46","G47","G48","G49","G50"
"1849",0.4167049,0.0026645,0,0.7077441,0,0,0.2062913,0.6425118,0,0.0831123,0.6862274,0.1099887,0.4664127,0.6325591,0,0,0,0.6425829,0.0368419,0.5994891,0.0282086,0.0261743,0.6149647,0.2037812,0.0880929,0.0996525,0.5230531,0.1578259,0.6372867,0.3556864,0.6176357,0.7406149,0,0,0.2972324,0,0,0.0909723,0,0.7419929,0.5223451,0.437185,0.0671052,0,0,0.6262068,0,0,0.0801662,0.8509365
"1851",0,0.012869,0,0.7364206,0,0,0.2223294,0.5865663,0.1741119,0,0.6581518,0,0.6109093,0,0,0.6376587,0.1483764,0.7144708,0,0.548391,0.0246081,0,0,0.5016977,0.0311097,0.0576126,0.5750873,0,0,0,0,0,0,0,0.2117993,0,0,0.0747417,0.6734543,0.5778922,0.6806576,0.3558648,0,0.0170556,0.0191471,0.6137984,0,0.0032655,0,0
"1853",0.4238647,0.0069314,0.792064,0,0,0.7454089,0,0.5220238,0.1944386,0,0.8042277,0.1117486,0.6216838,0,0,0.5615799,0,0.6807297,0.0005572,0.6805274,0,0.0137327,0,0.5051111,0.0001933,0.0841303,0.5339464,0.1247023,0,0,0.5847126,0.5831973,0.0288341,0,0,0,0,0.0604303,0.6817234,0.5226374,0.6298737,0.4329878,0.0137667,0,0,0.5562779,0,0,0,0.406753
"1855",0.3544619,0.0015423,0.7028333,0.655432,0,0.6209641,0,0.5856958,0.1355751,0,0,0,0.5696721,0.620996,0.0523903,0.4917799,0,0,0.0001051,0,0,0.0286551,0.6838806,0.6704587,0,0.0446252,0.4983174,0,0.6533045,0.3464223,0.5917114,0.6544084,0,0.001785,0.1861972,0,0.0010619,0.0590068,0.6989907,0.5737811,0,0.4267465,0.0625674,0,0.0251774,0.716755,0.6132151,0.0025273,0.0957609,0.4182058
"1857",0.3880172,0.00122,0.6017651,0.7205751,0.318727,0.6563009,0.2047565,0.5763171,0,0.0090908,0.7044171,0,0,0,0.057147,0.7025489,0,0,0,0,0,0,0.6569786,0.638032,0.0013093,0.0250999,0,0.0513923,0.6662185,0.4835344,0.6652766,0.5492803,0.0408174,0.001815,0.2061354,0.0110622,0.0001179,0,0.5852256,0.5985703,0.6161711,0.3489902,0,0.0152785,0,0.519591,0.6574481,0,0,0.3315695
"1859",0,0,0,0.7010671,0.3374279,0.5853165,0,0.4885192,0,0.0028486,0.5272074,0.1333399,0.6063407,0,0.079868,0,0.0774742,0,0,0.6812339,0.0375407,0,0,0.6049397,0.0038101,0.0672887,0.5276648,0,0,0,0,0.793288,0.0244412,0.0004199,0.1300252,0.0047602,0,0.0656244,0.8223853,0.6418833,0,0.4800827,0.0431673,0.0166945,0,0.6318558,0.6667936,0,0.1547645,0.442217
"1861",0,0.0173583,0.711872,0,0.228524,0.6215436,0.1413026,0,0.1770471,0.0310196,0,0.1057073,0,0.6022813,0.0742139,0.5269824,0,0.4951981,0,0,0.0159036,0.0412092,0.6498287,0.2727441,0,0.1237717,0.5323032,0,0.5578907,0,0.522377,0,0,8.5e-05,0,0.0177328,0,0,0.5900685,0,0.6780211,0.3663438,0,0,0.014964,0,0.6195977,0.000298,0.1443218,0.7113211
"1863",0,0.0004421,0.6690692,0.6815533,0.2855018,0,0.2613008,0.5627668,0.1378451,0,0,0,0,0,0.0335756,0.6290416,0.6854984,0,0.0278707,0.6142184,0,0.0256993,0,0,0.185879,0,0.4843098,0.1517072,0,0.4261961,0.5927732,0,0.0326256,0.0005518,0,0.0412618,0.0003542,0.0338669,0.699545,0.5784507,0.580902,0,0,0.0112028,0.049197,0,0.6908481,0.0041183,0.0754496,0.6205301
"1865",0.4002519,0,0.6680196,0,0,0.5955819,0.2530461,0,0.1544999,0,0,0,0.5649811,0,0,0,0,0,0,0.6480034,0.02857,0.0431822,0,0,0.1384947,0.1154038,0,0.1704719,0,0.3698372,0.733077,0,0,0.0002359,0.4138616,0.063646,0,0.0606516,0,0.6424964,0.605568,0.5609808,0,0,0.0824204,0,0.7163278,0.0005026,0.0636811,0
"1867",0.419805,0,0.8002384,0,0.225287,0.6231465,0.2392683,0.5750562,0.1904817,0.0383292,0.7541789,0.1340107,0,0,0.075052,0,0,0,0.0280339,0,0,0,0,0.2126149,0.1205415,0,0,0,0.6129804,0,0.7295034,0,0.0464233,2.28e-05,0.4279615,0,0.0003476,0.080056,0,0.690433,0.6285935,0.3017496,0,0.0178536,0,0.5992263,0.7343738,0.0009314,0.0713506,0
"3214",0.4046782,0.0092775,0,0.7176529,0.3217067,0,0,0,0.199777,0,0.6660599,0,0,0,0.074694,0.5288175,0.6601714,0.6151274,0,0.6235616,0.0331824,0,0.6114953,0.2468515,0.1053365,0.1336312,0.5407467,0,0.5505997,0,0.7191771,0.6407774,0,5.23e-05,0.399643,0,0,0,0,0.7738574,0.6139498,0.389497,0,0,0,0,0,0.0031605,0,0.7247018
"3216",0,0.0018561,0,0.5704803,0.1901315,0.019245,0,0,0,0.0491301,0.6214721,0,0.52286,0.6515943,0.0319979,0,0,0.721245,0.0643649,0.6877805,0,0.0201916,0,0,0.1491909,0,0.2558397,0,0.6964072,0.2842896,0.665409,0.5629276,0.0714725,0.0005937,0.4024998,0,0.0001145,0,0.6704881,0.5990769,0.6088,0.2117367,0.0245655,0,0.0481908,0.6745248,0.6780507,0,0,0.6089252
"3218",0,0.0071613,0.048645,0.7137656,0,0,0.0507457,0.6211767,0.0003226,0.0533628,0.630295,0.0710474,0.3857358,0,0,0.564943,0,0.5516369,0.0214226,0.5461189,0,0,0,0,0.1111956,0.1289704,0,0.1276637,0.5968869,0,0.5717292,0,0,2e-07,0.3605055,0.0180692,1.31e-05,0.0338173,0.5435808,0.6622552,0.6241904,0,0.0084453,0.0186683,0.0402125,0,0,0.0024925,0,0.607672
"3220",0,0,0,0.5672203,0.0027906,0,0.0091977,0.7348907,0.0003421,0.0727008,0,0.0880949,0.2512121,0.6471753,0,0.6738993,0.4974112,0,0,0,0.008471,0.0178727,0.6159278,0.1826522,0.1380279,0.0685317,0.3284845,0.1685268,0,0.3968184,0.6630905,0,0.0111293,0.0011874,0,0,2.08e-05,0,0.5725366,0.6605585,0.6236182,0,0.0351118,0,0,0,0,0.0014556,0,0
"3222",0,0.0045724,0.0154812,0.5374595,0,0.008058,0.0008441,0,1.05e-05,0,0,0,0,0.7011774,0,0.5593639,0.464271,0,0,0,0.0001956,0.0256032,0,0.3163277,0.1008869,0.0878965,0.2434044,0,0.7969399,0,0,0,0,0.0014207,0.4925542,0.0190737,0,0,0.7412014,0.6776358,0.6229132,0.2293049,0,0.0256871,0.0104883,0,0.7446674,0.0084089,0,0.5483494
"3224",0,0.0050642,0.0340147,0,0,0.0053343,0,0,0,0.0471527,0.6218771,0.0778298,0,0.6912253,0.0611599,0.6127032,0.4882428,0.5757141,0.0192868,0.6973672,0.0004196,0.0218107,0.6228911,0,0.1040992,0.1200486,0,0.128804,0.6998031,0.3724565,0.5947638,0.7682009,0,0.0016465,0,0.0349324,0.0005845,0.0305014,0.8439717,0,0.6621617,0.2171091,0,0.0191137,0.0296037,0.5326953,0,0,0,0.7180093
"3226",0.4584964,0.005668,0,0,0.1041811,0.6443879,0.0466364,0.557129,0.1573535,0,0.7611747,0,0.4016678,0.5496975,0.0414772,0.6693215,0,0,0.041479,0.6013183,0,0.0345584,0.6758545,0,0,0.0971353,0,0,0.6677072,0,0,0.5336464,0,0,0.371908,0,0.0017644,0.0616114,0.5261433,0,0,0.3579322,0.0237738,0.0151825,0.0136083,0.6237063,0.7603932,0,0,0.592113
"3228",0,0.007469,0.7202721,0.5688137,0,0.7569576,0,0.4344069,0.191349,0.0416818,0.7129483,0,0.480622,0.5634096,0,0.631622,0.6780972,0.711192,0.03948,0,0,0.0247744,0.6083145,0,0,0.0958425,0,0.1271068,0.6592245,0,0.5278207,0,0,0.0002062,0.4386352,0.0218137,0.0010107,0.0517761,0.7103916,0.5928674,0,0.4089443,0,0.0270862,0,0.6886442,0.6045514,0.0006526,0,0
"3230",0,0,0,0.7351596,0.2107527,0,0.2061492,0,0.1770157,0.0480645,0.7670083,0.150514,0,0.5500345,0.0863867,0.6253168,0,0,0.0531297,0.745381,0.0270186,0.011303,0.7026774,0,0.1121641,0.1463472,0.542721,0.1923085,0.5578596,0.3551966,0,0,0.0596832,0,0,0,0,0,0.6434094,0,0,0.4173095,0,0.0147724,0.0536051,0,0.6579354,0.0003467,0.1053143,0
"3232",0.401577,0.0077565,0.7375347,0.6572266,0.2368669,0.530976,0.1745825,0.5512699,0.1732412,0.0629844,0,0.1189142,0.679214,0,0.0663524,0,0.6538621,0.5300189,0,0,0.016591,0.0364276,0,0.2569536,0,0,0,0.0709502,0,0.3042884,0.7474116,0,0.0533257,0,0,0.0388229,0,0.0573327,0.6628248,0.6624675,0,0,0,0,0.0823997,0.7095084,0,0.010258,0.0921476,0
"5356",0.4590224,0.0073629,0,0,0,0.6628701,0.2645807,0.4999928,0,0.0273119,0,0.1424148,0.4982925,0.6325068,0.0441538,0.4981624,0,0,0,0,0.0251218,0.0260857,0.6250228,0,0.1068772,0.1152293,0,0.1103227,0.5615303,0,0.656515,0.7424756,0,0,0,0.0495864,3.29e-05,0.0690688,0.7111408,0.6732025,0,0,0.050246,0,0.0609384,0.5614995,0.8104189,0.0021904,0.0764078,0.7451384
"5358",0.360209,0.0008487,0,0,0.3557144,0.5674187,0,0.613374,0.1720634,0.0349854,0,0.1449644,0.5642844,0,0,0,0,0.7052682,0.0051478,0,0.0154722,0,0,0,0,0,0.4911472,0.1423163,0,0.2890338,0.5052304,0,0,0.0002836,0.399419,0.010743,0.0008052,0,0.6787892,0,0.5648937,0,0.05752,0,0.1853359,0.5962041,0.6388049,0.0021153,0.0825849,0
"5360",0.3988753,0,0.6959596,0,0.30534,0.5438167,0.199343,0.6452519,0.1807074,0,0.6943894,0.091844,0.5368541,0,0,0.6303942,0.7108148,0,0,0.5714323,0.0257908,0,0.5996377,0.2421472,0,0,0.6074122,0,0,0.3264664,0.6518562,0.6856746,0.0342582,0,0.3309744,0,0.0001723,0,0.7203635,0,0,0.4032261,0,0,0.2813422,0.6440398,0.7148423,0.0002641,0,0.1168405
"5362",0.4160094,0.0022265,0.7036002,0,0.2568867,0.6707694,0.1939257,0.6797375,0.1653889,0.0655359,0,0,0.5858693,0.7336425,0,0,0.6883948,0,0.0077835,0.5865442,0,0.0004067,0.5543219,0,0,0.0126527,0.5765962,0.0177859,0.7849063,0,0.6420631,0,0,0,0,0.0023154,3.55e-05,0,0.6702297,0,0.6464872,0.3380173,0.1069037,0.0152628,0.2405318,0.714186,0.545838,0,0.0578193,0.163977
"5364",0.3670908,0.0010008,0.6697989,0,0.3022651,0,0.2181312,0.6079875,0.205664,0.0815203,0.7341386,0.1073505,0.54738,0,0,0,0.5519505,0,0.0108124,0,0.0154691,0,0.704293,0.2239276,0.0404217,0,0.5171234,0.0288154,0,0.4098665,0.6886959,0,0,0,0,0,0.0003517,0.0246487,0.5528097,0,0.5320329,0.3988291,0.0673425,0,0.2482393,0.6762071,0,0.000451,0.1401226,0.2288689
"5366",0.3981684,0.0136731,0.6125449,0,0,0.6513599,0,0.788365,0.1000368,0.0516918,0.7173087,0.1093989,0.5112136,0.5479702,0,0,0.6505746,0.5981084,0.0162784,0.707825,0.0389773,1e-07,0,0.212387,0.0675035,0.0048807,0.4463464,0.015732,0.6196802,0.4387351,0.6979387,0.5912614,0.0588895,0.0013476,0,0,2.09e-05,0.0568726,0.7305475,0,0.5602268,0,0.0910285,0.018425,0.1709496,0,0,0,0.1201052,0
"5368",0.342993,0.0142145,0,0.5676523,0.2867887,0.6684925,0,0.5083441,0,0.0282847,0.7274519,0.1401975,0,0,0,0,0.6692164,0.6894131,0.0387876,0.7355356,0.0258456,0.025974,0,0.260606,0.0743172,0,0.4576987,0.0868646,0.6841873,0.3773632,0,0,0,0,0,0.0387023,0,0.0708359,0,0,0,0,0.0248501,0,0.0451692,0.6867664,0.7030569,0.0005628,0.1293642,0.7408855
"5370",0.4480506,0.00411,0.5814671,0.6185,0,0.7666689,0.1701823,0.6054039,0,0,0.6653027,0.1423585,0,0.7269311,0,0.7291814,0.7450484,0.713939,0.0349653,0,0.0139723,0,0,0,0.1153047,0,0,0.1169797,0,0,0.6513244,0,0,0.0001424,0.3314772,0,0.0012655,0,0.5872293,0.6872204,0,0.455546,0,0.012387,0.0044737,0,0.7389578,0.0009533,0.1307425,0.6977395
"5372",0.5025401,0.0028371,0.7521381,0.6815973,0.2533039,0,0.2592179,0.5405283,0,0.0300996,0,0,0.5084975,0.7252596,0.0917111,0,0.7152716,0,0.0509626,0.6869761,0.0475417,0.0222581,0,0.281005,0.1412764,0.0839954,0.5946018,0.2213357,0,0.4631941,0.5709569,0,0.0443028,0.000534,0.354936,0,0.0001115,0.0609916,0.5502833,0.6551707,0.6468766,0,0.057,0.0066608,0,0,0.5914685,0.0049322,0.1650822,0.727142
"5374",0,0.0067492,0,0.631943,0.2482821,0,0.2545674,0.5983218,0.1707285,0.0223129,0,0.1422248,0,0.6568697,0.040223,0,0.6769646,0.7036812,0.0313867,0.7361329,0,0.0240043,0.6238998,0.2000926,0,0.0638471,0.5192741,0,0,0.3249302,0.7044432,0.6883582,0.0211859,0.0001566,0,0,0,0.0751614,0.6604024,0,0.6829034,0,0,0.0262555,0.0210456,0.731259,0.6262097,0,0.1145359,0
"5377",0.3625728,0.0027191,0,0.74311,0,0.5739051,0,0.5953191,0.1257218,0.0249569,0,0,0,0.712596,0.0712846,0.5638534,0.6712981,0.5593717,0,0,0.0282474,0,0,0.2262679,0.0879509,0.113213,0.5514353,0,0,0.3257533,0.5974462,0.6520526,0,0,0.363298,0,3.46e-05,0,0.7657543,0.6764489,0,0,0,0,0.026565,0,0.539901,0,0.1151057,0.6017667
"5379",0,0.0023702,0.754079,0,0,0.7258283,0.2732549,0,0,0,0.6432189,0.1375523,0.538586,0.7097476,0.0687865,0,0.5572811,0.6495862,0.0347598,0.5953162,0,0.0291238,0,0.2460921,0.1326669,0,0,0.6180394,0.6076211,0,0.5790566,0.656036,0,9.78e-05,0,0.0953013,0,0.0663377,0,0.5784505,0.6237491,0,0.0487427,0.0048201,0.2100423,0,0.4777789,0.0073981,0.126723,0.7494416
"5381",0,0.0004588,0.652005,0.6866252,0.2784729,0,0.2966781,0.5852597,0.2440972,0.0251181,0.8167534,0.1084967,0.5576958,0,0.0613135,0.5677286,0.5828611,0,0,0.5586284,0,0.0197305,0,0.2410799,0.1457355,0,0.5824056,0.5328328,0,0.3812822,0.6675663,0.6782792,0.0385488,0.001307,0.2499905,0,0.0013334,0,0.1725969,0.6010874,0.8225153,0,0.0723966,0.0036902,0.3790285,0,0,0,0.1055905,0
"5383",0.3200969,0,0,0,0.2600417,0.5947676,0.2590616,0.62544,0,0.0100972,0.7477789,0.132576,0.4920054,0.688317,0,0.5209632,0,0.6590811,0.0740253,0.6459769,0,0,0,0,0.0680043,0.0039073,0,0.4359306,0.6981994,0.3999146,0.6943894,0.6796971,0.0219639,0,0.3129754,0.0349603,0,0,0,0.5132836,0.6585948,0,0.1003596,0,0.4110368,0.387831,0.593456,0,0,0.742527
"5385",0,0,0.5023759,0,0.2997597,0.5979469,0.2435008,0,0.1723488,0,0,0.1848233,0,0,0.0453984,0,0.626881,0.6094377,0.0643325,0.5940829,0,0,0.6062766,0.1948845,0.1579414,0,0,0.447619,0.7180541,0,0,0.7085016,0.076265,0,0.1924537,0.0465256,0,0.1146707,0,0.6048353,0.7088489,0.080033,0.0938819,0,0.4836949,0,0.5346896,0.0006682,0.1274233,0.7622087
"5387",0,0.0003931,0,0.6808457,0.1970069,0.6468492,0.2309917,0.5076095,0.1682169,0.0126953,0,0,0.5765162,0,0.0330149,0,0.6675775,0,0,0,0,0,0.6077554,0,0.1357998,0,0.6058762,0.644967,0.771938,0.3100661,0.6441352,0.6561101,0,0.0006777,0.2697436,0,0.0089726,0,0.1662616,0,0.5766388,0,0.0858975,0,0.3810238,0,0,0.0022031,0,0
"5389",0.3529046,0.0059553,0.7314276,0.5792408,0,0,0.1456631,0.6060399,0.1172251,0,0.6754666,0.1626515,0.5619067,0.5207113,0.0622562,0,0,0.6589983,0.0522121,0,0.0186424,0,0,0,0,0.0755744,0.5506544,0,0.733239,0.3849947,0.5376409,0.5572834,0.057053,0.0002744,0.3479119,0.0287094,0.0005374,0,0,0,0.7350171,0.298667,0.0583419,0.0151755,0.109823,0.6438067,0.6872474,0.0028546,0.0793822,0.5945135
"5391",0,0.0035096,0.5734493,0.5720611,0,0.6728237,0.2753189,0,0.1574756,0,0.6448575,0,0,0,0,0.5090034,0.6128003,0,0.0440129,0,0,0.0332975,0.5351663,0.2469046,0,0.0626056,0,0,0.6559887,0.3309344,0.7711896,0.6041713,0.0772843,0.0001723,0.4182259,0.048211,0.0015057,0.0318705,0,0.6463215,0.7163775,0.2968566,0,0.01921,0,0.5628715,0,0,0.1291819,0
"5393",0.4313525,0,0,0.6935843,0,0,0.2471797,0.6117967,0,0.0337003,0.5618318,0,0.6229038,0,0.0963085,0.6196335,0,0,0.0449905,0,0.0133741,0.0107098,0.697046,0.1851582,0.1389193,0.117773,0.5138555,0,0,0.3428868,0.6933103,0.6710863,0.0417888,0,0.417318,0,0,0.0610277,0,0.5360923,0,0.3562346,0,0.0253935,0,0.7561917,0,0,0,0.736859
"5395",0.4062278,0.0053232,0.7693655,0,0.2967144,0,0,0,0.1699306,0.0496843,0.6851105,0.1975392,0.4593446,0.5940273,0,0,0.6860182,0.6189651,0.0531298,0.6294677,0.0327878,0.0138012,0,0,0.1289608,0.1004027,0.5725203,0,0.6394292,0,0.5651959,0,0.0564534,0.0002634,0,0.0505567,0,0.0594655,0,0,0,0,0,0.0314102,0.0419154,0,0.563397,0,0.1298798,0.5400042
"5818",0.3636199,0,0,0.7548884,0.2404665,0.6728415,0,0.5169787,0.1249198,0.0351025,0.725626,0,0.5921479,0.6362186,0.0799559,0,0.6868443,0.6558504,0.0108058,0.6737752,0.0246547,0.0226499,0.6934945,0.1949143,0,0.1251872,0.4980395,0.1481568,0,0.3314596,0.7259059,0.7661385,0.0178726,7.01e-05,0,0.0195784,1.6e-05,0.0733984,0.6055647,0.65566,0.5557094,0,0.057014,0.0313115,0.0549065,0.7186344,0.6096482,0,0,0.7046294
"5820",0.1340442,0,0,0.5907391,0.3141127,0.3220483,0,0.6464764,0.157018,0.0138772,0.774666,0.0658243,0.6124643,0.7681909,0,0.6808966,0,0,0.011385,0.7037948,0.0106194,0,0.6247473,0.2211757,0.1419473,0.0551571,0.4334271,0,0.6564876,0,0,0.6307226,0.0593463,0.0008005,0.4942091,0.0200435,0.0028606,0.0663597,0.1629558,0,0.3624326,0.4157656,0.0449955,0.0162812,0.2631332,0.5902154,0.649446,0.0039545,0.0117358,0.8495204
"5822",0,0.0001486,0.3351599,0,0,0.27793,0,0,0.1668451,0,0.5983118,0.1033919,0.6654827,0.6981379,0,0.6614574,0.1947741,0.5882044,0,0.6920062,0.0137879,0.0018057,0.6264696,0.2328395,0.1560644,0.0741268,0,0,0,0.0412388,0,0.6013511,0,0.0032036,0.4495496,0.0273893,0,0,0.1194841,0.4891074,0,0,0.0757606,0.032956,0.4544774,0,0,0.0016236,0,0
"5824",0,0,0,0,0.2717119,0.4045275,0,0,0.1201736,0,0.6216133,0,0,0.5012869,0.0617629,0,0,0,7.14e-05,0.761847,0,0.0221614,0.649464,0.3013294,0.1353072,0.1041204,0.5542707,0,0,0,0.6568031,0,0,0.0013941,0.4920657,0,0,0.0611667,0.1464286,0.4794168,0.3711836,0.2849646,0.1580918,0.0459273,0.5136923,0,0,0.0038872,0,0
"5826",0.1716664,0,0.2958688,0.5799559,0.2768968,0.3371636,0,0,0,0.0392496,0,0.1026217,0.6449247,0.6938893,0.0415009,0,0.2483598,0.6981595,0,0,0.026925,0,0.6429145,0,0,0,0.5209671,0,0,0.0381034,0.5308399,0,0,0.0003823,0.4000735,0,0.0002948,0,0.1806246,0.4717946,0.3855051,0.2882439,0.1253254,0.03483,0.5369969,0.6075655,0.7450859,0,0,0.7232658
"5828",0,5e-07,0,0,0.2887685,0.380547,0,0,0.1736769,0,0.6014205,0.1878186,0,0,0.0449556,0.5675326,0.1899747,0.6845982,5.63e-05,0,0.021991,0.0066286,0.6902588,0,0.112861,0.0791926,0.5268248,0.1934412,0.6564252,0,0,0.6836103,0.0279447,0,0.3536937,0.0681612,0,0.0778151,0,0.4871747,0.397585,0.2781454,0.1314903,0.0748065,0.5930226,0.6648182,0.6851086,0,0,0.6449046
"5830",0,0.0005738,0.6496994,0.7049506,0.3066516,0.6827353,0.2324097,0,0,0.0229488,0.6892413,0.137878,0.5639931,0.5935413,0.0473376,0.5085161,0.5601689,0.6875871,0,0.641855,0,0.0252901,0.7759133,0.2356418,0.115158,0,0,0.0733888,0.6652062,0.3322932,0.6240206,0.6842011,0.0346482,0.0014002,0.4346471,0,0.0009076,0.0391841,0,0,0,0,0.0545009,0.0393515,0.1312873,0.6910937,0.6928039,0.0005944,0.0715856,0
"5832",0,0.0008068,0.6178989,0.5885739,0,0.6993047,0,0.5265099,0.1342555,0.0380413,0.6541488,0.1001301,0.584516,0,0.0664632,0.550639,0.6788321,0,0.0478164,0,0.0526613,0,0,0,0.1260016,0,0,0.0920976,0.7059263,0.3760994,0.6418861,0,0.04377,0.000359,0.3609671,0.0489669,0.0031996,0,0.6731608,0.6322087,0.7267002,0.4136668,0.0530181,0.0256147,0.0779606,0.8536042,0.58158,0,0.0840434,0.5588164
"5834",0.3904505,0.0031531,0.5833775,0,0.2507104,0.6341854,0.2295004,0.6616773,0.1995698,0.0833032,0.6621432,0,0.5973623,0.6682263,0.0532696,0,0,0,0.0516392,0,0,0.0199199,0.6561996,0,0.1914463,0,0,0.1250546,0.6098698,0.4037095,0.5435097,0,0.026286,6.15e-05,0,0.0403485,0,0,0,0,0.6975994,0.3509424,0.0291521,0,0,0.5324751,0.6588513,0.0112266,0,0.6659517
"5836",0.4410377,0.0044565,0,0.6873638,0.2547435,0.677892,0.2838728,0.6067365,0.1749894,0,0,0.1046762,0,0,0.073057,0,0,0.5685179,0,0.67005,0,0.0252063,0,0.2042812,0.1050701,0.1622882,0,0.1222047,0,0.4051872,0.7081805,0.5286935,0,0,0.43239,0.0176232,0.0025644,0.0328154,0.5966341,0,0,0.360864,0,0.0068558,0,0,0.5936962,0,0,0.5023873
"8296",0,0.0089753,0.7556693,0.6411048,0.2919401,0.7338591,0,0.5537494,0.1499801,0.0565368,0,0,0.4296227,0.6803171,0.064678,0,0.6668685,0.7219142,0.0220805,0.6868483,0.0333134,0,0.6298685,0,0,0.1022195,0.5627243,0.1004171,0,0.3868031,0.6121684,0.7135725,0,1.68e-05,0.4006071,0.0352883,6.98e-05,0.0819268,0,0.6267663,0.5698141,0.3325873,0,0.0304399,0,0,0.7242113,0,0.1466266,0
"8298",0.025066,0,0,0.7170462,0,0,0.3406276,0,0,0,0.8422596,0.1421488,0,0.7067777,0.0778747,0.6625992,0.2713268,0,0,0.722877,0,0.0137696,0.7237062,0.2591699,0,0.0232388,0.5055086,0,0,0.4533034,0,0,0.0826172,0.0005607,0.2554036,0,0,0.1058003,0,0.1833632,0.6832925,0,0.0267724,0,0.0347113,0.5262538,0,0.0163606,0.1914687,0
"8300",0.0042283,0.0051391,0.7909486,0.5655252,0,0.5562978,0.3337233,0,0.1328576,0,0,0.0979253,0.6028063,0.7025304,0.0654221,0.6142778,0,0.5030699,0.0526216,0,0.0025546,0.0277965,0.5198918,0.2410524,0.00166,0.0122434,0.5147769,0.0308029,0,0.3096815,0.605542,0.6750349,0.2575685,0.0004584,0,0.08809,0,0.1785394,0.6848043,0.2437445,0.672812,0.4155234,0.0392183,0.0835193,0,0,0.0537272,0.0959759,0.2595172,0.2029602
"8302",0,0.00385,0,0,0.263733,0,0.4835814,0.4204779,0.0949286,0.0329302,0.7116471,0.1432573,0.5737582,0.7056941,0,0.6312978,0,0.7177486,0.0774747,0.6524639,0,0.0176776,0.578724,0,0.0009863,0,0,0,0.3731613,0.3430134,0,0.6073613,0.3206415,0,0,0.0558076,0.0003754,0.1886641,0.6608549,0.1792474,0.6695501,0,0.0278852,0.1210712,0,0.6763803,0.0324367,0.1758268,0.2804044,0.0738066
"8304",0,0.0013638,0.6443873,0.712356,0,0.5538695,0.475075,0.5028665,0.1479046,0.03307,0,0,0.4822593,0.6008826,0.0436757,0.6163562,0,0,0.0673643,0,0.0018928,0.0214751,0.642545,0.2050865,0.0001915,0,0.6079877,0.0569687,0.4076109,0.364793,0,0.6689101,0.4401669,0.0017974,0.3920453,0.0554913,0,0.0921972,0.7046167,0,0.5525476,0.4862725,0.0332452,0.1413362,0,0,0,0.1624367,0.2616686,0
"8306",0.000486,0.0038004,0,0.864013,0,0.5558841,0.4417551,0.4614417,0.1719085,0.0478365,0,0,0,0.6834766,0.1111457,0.5962588,0,0.6548873,0,0,0.0012335,0.0221474,0.619529,0,0.0014882,0.0155191,0.5393257,0,0,0.4293026,0,0.6097313,0.2715506,6.44e-05,0,0.0836818,0,0.1292794,0.7343898,0,0.6390391,0.361279,0,0.0923783,0.0276437,0,0,0.1522605,0.4548114,0
"8308",0.4333783,0,0.65788,0.6812274,0.2960672,0.7034558,0.1894628,0.4493606,0.0977677,0.0114421,0,0.0770213,0,0.5420367,0,0,0,0.6404094,0.0620818,0.6362809,0.0306179,0,0.6085999,0.191351,0,0.1184681,0.5147843,0.1466593,0.6778053,0.3940436,0.5681036,0.7120329,0.1195039,0.0001237,0.3892776,0,0.0010785,0.1234533,0.632973,0,0.7118561,0,0.0243404,0.0578264,0,0.637571,0.6696524,0.036843,0.2526374,0.5292948
"8310",0.3163477,0,0.5706673,0.6764818,0.2257375,0.7037731,0.2751848,0.6782367,0.1735157,0.0673675,0.7147795,0.1301687,0.5291428,0.5859694,0.0707736,0,0,0.7032633,0.0646132,0.700714,0.0247511,0.0328364,0.645468,0,0.1878665,0.1384168,0.5290436,0,0,0.3513654,0.6435359,0.6184856,0,0.000847,0.3684646,0.0176242,0.0004231,0.0712749,0.752037,0.6951014,0.6419305,0.4585178,0,0.0356116,0,0.7110377,0.5880057,0.0179582,0.1621396,0
"8312",0,0,0.6751859,0,0,0.6596357,0,0.6085224,0,0.0315229,0.6502377,0,0,0.6031791,0,0.5766982,0.6271308,0.6702604,0,0.644698,0,0.0071045,0,0,0.1509994,0,0,0.2072382,0,0,0.6692698,0.572479,0,0,0,0.0388111,0.0010301,0.0773421,0.6923778,0.6216331,0,0.3816439,0.0296387,0.0365362,0,0.7227626,0.6364561,0.0006831,0.0823432,0
"8314",0,0,0.6085142,0,0.2771252,0,0,0,0.2139391,0,0,0.1704267,0.5037289,0.6460789,0.0296071,0.6719377,0.5722185,0.738228,0.018949,0.6791747,0,0.0250345,0,0,0.1499554,0.0834118,0.4272553,0.1540354,0.7233507,0,0.7479139,0,0.0580509,0,0.3216833,0,0,0,0.505337,0.6471585,0.6050875,0.3834542,0.043007,0,0.0554021,0.6802159,0.6193319,0,0,0.6793722
"10879",0.4175366,0.0065972,0.6878904,0.6869761,0.2422217,0.7422295,0.1801348,0.6220669,0,0,0,0,0.5754631,0,0.0777704,0,0.6901667,0,0.0247415,0.7444808,0,0,0,0,0,0.1323592,0.5682929,0.1466922,0,0.400005,0,0.7284854,0,0,0.3819892,0,6.2e-05,0,0.6962393,0.716921,0,0.3818563,0.0290469,0.0053759,0.0532886,0.7577716,0,0.000522,0,0.7495717
"10881",0.3369938,0.002534,0,0,0.0907502,0.747519,0,0,0,0.0680702,0.6575779,0.0850288,0.7091344,0.6474625,0.0541258,0.5911123,0.679762,0,0.002801,0.6542137,0,0.0228332,0.5741597,0.4594063,0,0.0845762,0.5540926,0.1265699,0.6247113,0.3362716,0,0.5772659,0.0268962,0,0.4364581,0.0104783,0.0013531,0.0371198,0.7341027,0.5990975,0.6399459,0.3833977,0.0989743,0.0180754,0.0328201,0.7008827,0.6929391,0,0.037768,0
"10883",0.44371,6.8e-06,0.6970915,0.5228932,0.0086743,0,0,0.6461674,0,0.0371205,0.5156262,0,0.5280007,0.556239,0,0,0.709999,0.4713856,0,0,0.0005636,0,0.6189225,0.5447648,0.0902169,0.0994849,0,0,0.6937767,0.3577651,0.7176509,0,0.0200355,0,0.3393163,0.046034,0.0001812,0,0,0.5313617,0,0.363353,0.0654269,0.0254101,0.0300299,0,0,0.0008294,0.0854143,0.6974745
"10885",0,0,0.6996282,0.3472268,0.0006555,0.7325474,0,0.6897233,0,0.0504699,0.6185247,0.1164029,0,0.6181017,0,0,0,0,0,0.6666087,0,0,0,0.4738609,0.1460607,0.1207085,0,0,0.8212457,0.3788014,0.6342904,0.8544313,0.0323314,0,0,0.0587805,5.87e-05,0.0350523,0.6366874,0,0,0.2806376,0.0625095,0,0.0253337,0,0,0.0065026,0,0.7966559
"10887",0,0,0.6962494,0,0.0002619,0,0.0023559,0.5065938,0,0,0,0,0.455612,0,0,0.6831673,0.6531528,0.5474558,0,0.7587988,0,0,0.6484457,0.4775526,0.0929739,0.1451594,0.527292,0.1722411,0.6250251,0,0,0.6582319,0.0295019,0,0.4374362,0,0,0.0812792,0.6657431,0.6513001,0,0,0.0711278,0,0.0406639,0,0.7442916,0.008413,0,0
"10889",0.3921321,1.98e-05,0.634942,0.4551911,0,0.6647462,0,0.6241907,0,0.0282107,0.6877452,0.0991688,0,0,0.0377733,0,0.6318462,0,0,0.7277801,0.0015449,0,0,0.4822078,0.1211269,0,0.6395898,0.1131652,0.7234124,0,0.6165525,0.7142567,0.021955,0,0.3517629,0,0,0,0.6360454,0.5492617,0.6238117,0,0.0483447,0.0289948,0,0.7082223,0.6114084,0,0,0.6339955
"10891",0.3429837,0.0029061,0.6086486,0,0.1368767,0.705338,0.0486703,0.5125045,0,0.0429066,0,0,0.3963194,0,0,0.6983633,0.5332221,0,0,0,0,0,0,0.2446989,0,0.1439201,0.5769386,0,0,0,0.6615834,0,0.0141773,8.8e-05,0,0.0510299,0,0.0600579,0.6350355,0.7430634,0.6810846,0.303496,0,0,0.0294982,0.6893557,0.6253198,0.0039562,0,0
"10893",0,0.0021268,0,0,0,0,0,0,0.1703442,0.0595621,0.7226967,0.0710327,0,0.7298711,0.0454163,0.6178852,0.6036119,0.5904077,0.0610628,0.5942363,0.0215318,0.0206508,0,0.1724241,0.0927922,0.1425703,0.4911712,0.1988095,0,0.3652653,0,0,0.0192073,0.0006491,0.3142991,0.0260038,0.000507,0,0,0.6111913,0.6100267,0.3864292,0.0303296,0,0,0.6758262,0.6565418,0.0001667,0.1143735,0
"10895",0.3363171,0.0040446,0.5509962,0,0,0.6814393,0.2412905,0,0,0.0469525,0.7470399,0.0869423,0.6006807,0,0.0938745,0,0.6272065,0.6737151,0.047541,0,0,0.0249803,0.5874212,0.2536454,0.1309736,0.1025726,0,0,0.6792147,0.2886917,0,0.68075,0.0149062,0.0001011,0,0.0352485,0.0005369,0.1145993,0.592406,0,0.6458554,0.3355069,0.0125826,0.0126214,0.0506481,0.646385,0.6614609,0,0,0.8077039
"10897",0.4202469,0.0011791,0.7572381,0,0.3128154,0.5941101,0.1672009,0,0,0,0.6968439,0.1678934,0,0,0,0,0,0.679422,0.0517296,0.7107326,0.0160136,0.0111182,0,0.2917255,0.0889993,0,0,0.1915968,0.6889655,0,0,0,0,0,0.3501293,0.0242788,0,0.0319197,0.7291813,0,0.7021547,0.4419699,0,0,0.0281841,0,0.6899291,0.0020237,0,0.7189474
"11782",0.3994681,0.002258,0.6854926,0.6888637,0.2997315,0,0.3180792,0.6380018,0.1434058,0.0459828,0.7891229,0.1243237,0,0,0.1164652,0.542341,0.685312,0,0,0,0.0198852,0,0.7992677,0,0.094726,0,0.4814943,0,0.6570844,0.4144904,0.7083728,0.5881083,0.0412297,3.01e-05,0,0.040463,6.97e-05,0.0390166,0,0.6775408,0,0.4115838,0,0.0136515,0,0.5383295,0,0.0016169,0.1178377,0.5992929
"11784",0.3571023,0.005702,0.5559799,0.3976704,0,0,0,0.4660833,0.1528203,0.0083865,0,0.1068347,0.4643065,0,0.0468757,0.5949488,0.6039234,0.5585421,0.0614439,0.6484755,0.0175537,0,0.7400041,0.2224847,0.0064993,0.1529893,0.5725748,0,0.2394796,0.4035996,0,0,0.0660918,0.002387,0,0.0277913,6.71e-05,0,0.6925642,0.6835623,0,0.6019615,0.0434002,0.0233677,0,0.5721902,0.6959866,0.0004349,0.0857894,0.7378038
"11786",0,0.0128922,0.7407982,0.2828258,0.1962291,0.154583,0.2807466,0.1331156,0.1429583,0.0513177,0,0.1820113,0.6176289,0.5213092,0.1065464,0,0.5291618,0,0,0.7178105,0.0972148,0.0296014,0.5946579,0,0.0016002,0.1503531,0.5405587,0.2125703,0,0.4672768,0,0,0.1093747,0.0023678,0.2152012,0.0611072,8.03e-05,0.0782795,0.5867969,0.6399571,0,0.5469569,0.1026803,0.0430072,0.0039142,0.6144813,0.6449851,0,0.1355453,0.7196085
"11788",0.3782571,0,0.523429,0,0.2401509,0.1040288,0,0,0.155669,0.0390683,0.5858059,0.2566641,0.615206,0,0.2013363,0.5232034,0.6848466,0,0.0326741,0.7367066,0.4709906,0.0650707,0.5054655,0.1920333,0.0144793,0.2332089,0.6414853,0.355887,0,0.3268094,0,0.5752841,0.1065205,0.0046402,0.2922404,0.1470722,0.0001728,0.0936782,0.7220281,0.6348921,0.6299006,0.6304851,0.1123626,0.0363065,0,0.530702,0.5570106,0.0016843,0.1419695,0.7479281
"11790",0,0.0147328,0.6187878,0.2694867,0,0,0.233937,0.0612086,0.1694212,0,0,0.2492944,0.6376641,0,0.3279449,0,0.8130961,0,0.048472,0,0.6843379,0.1300719,0.1356241,0,0.0849907,0.5127,0.5903875,0.5000326,0.2321721,0,0,0.7098254,0.1682734,0.0429349,0.2869397,0.167509,0,0.215647,0.7410876,0,0,0.5839279,0.1760288,0.0937365,0.0108502,0.6020588,0.6449963,0.0005018,0.2242737,0
"11792",0,0.0037801,0,0.3093556,0,0.1152603,0,0.108487,0.1512857,0.0631002,0,0.3303174,0.6400206,0.4873915,0.2286025,0,0.7663532,0.4340759,0.0617754,0.6699541,0.5269097,0.1299858,0.2310623,0,0.1484423,0.4344189,0.5346412,0.5675711,0.1799496,0.1752237,0.1536311,0.6714592,0.1348486,0.0217197,0.3384441,0.1406122,0.0012807,0.1603012,0,0.6570959,0.6411844,0.603674,0.108607,0.063975,0.01439,0,0,0.0167401,0.2205182,0.6480494
"11794",0.353156,0.0021547,0,0.6112399,0.2805619,0.5643523,0.2181247,0.343061,0,0.1031723,0,0.1944773,0.5304535,0,0.1949451,0,0.6513643,0.6571976,0,0,0.4043379,0.1134206,0.4053151,0,0.1501554,0.344317,0.5661779,0.4988441,0,0.2950152,0,0,0.0829646,0.0022606,0.4768521,0.0790919,0.0003472,0.2016945,0.7007651,0,0,0,0.0446366,0.0369768,0,0,0.5715263,0.0008072,0.1487831,0.666037
"11796",0,0.005945,0,0,0,0.594074,0,0,0.1770071,0.0616073,0.732205,0.1599872,0.6693565,0,0.0791215,0.6336661,0,0.7532079,0.0488587,0,0.0493514,0.025856,0,0.2126387,0.1586896,0.1255969,0.4157347,0.3623705,0.759424,0.3323805,0,0.6764905,0,0,0.4018012,0.0186902,0,0.0832257,0,0.650968,0.6621116,0.3797717,0.0508379,0,0,0.6661138,0,0.000636,0.0839741,0.7497914
"11798",0.4128302,0.0062455,0.6930236,0.756886,0.315087,0.5263773,0.1891284,0,0,0,0,0.096646,0.6034558,0.7005057,0.0704283,0.6895055,0.6613047,0.5869004,0.0291647,0,0.0150632,0,0,0.212578,0.1883946,0.0919511,0.4890157,0.2770343,0.6334561,0,0,0.7200333,0,0,0,0.0306804,0,0.0631639,0.6559674,0.66189,0,0,0.0349672,0.0077016,0.0115009,0.5790431,0,0.0063058,0,0.7273498
"11800",0.3046894,0.0023919,0.6177248,0.6901492,0,0.681243,0,0.5319785,0.1279601,0,0.5848234,0.110957,0.5774423,0.6930057,0.0735638,0.6395905,0,0.5615064,0.0564191,0,0,0,0.5652725,0.2837466,0,0,0,0,0.4923985,0,0,0.7571598,0,0.0006217,0.3239942,0,0,0.0490389,0.6749126,0.6632214,0.6509443,0,0.0191446,0,0,0,0,0.0045054,0,0
"18040",0.4591214,0.0112823,0.8048612,0.7751605,0.2007498,0.7010054,0.2149397,0.5298663,0,0.0631016,0,0.0999388,0.5082969,0.6329622,0.0782044,0,0,0.662827,0,0.5368012,0.0145086,0.0427848,0.6414506,0,0.085836,0,0.5183544,0,0,0,0.6027091,0.6159138,0.0230461,0,0.3336687,0.0291732,0.0001281,0.1342363,0,0.690819,0,0.3627294,0,0.0169191,0.0429805,0.726305,0.6997478,0.0011282,0.1410441,0.5917519
"18042",0,0.0006202,0.6910211,0.6857495,0.2627316,0.5863206,0.2657824,0,0.2455062,0,0,0.1154123,0.6250702,0.5781546,0,0,0.5098852,0.6243317,0,0,0.0250286,0.0194243,0,0,0.2033668,0.1225449,0,0.4151174,0.7262536,0.55992,0,0.6045603,0.1594757,0.0005122,0.3502561,0,0.0007503,0.0109633,0,0.6980325,0.6075069,0,0.0219713,0,0.1077168,0.4800312,0,0.0046729,0.1776377,0
"18044",0.2798605,0,0,0,0.3103263,0,0.246408,0.6052818,0.1556437,0,0,0.105636,0,0.6487315,0.0557749,0,0.6784676,0,0,0.6425923,0.0158472,0.0437461,0.5959483,0.2466703,0.1826066,0.1124846,0.5071824,0.3263466,0,0.4767669,0.0671259,0.6357707,0.2422457,0.0024742,0,0.0393608,1e-07,0,0.3321128,0,0,0,0,0,0.1785478,0.5768694,0.6073185,0.0022241,0.0733007,0.7186407
"18046",0.4343143,0,0,0,0.3227033,0.6216686,0.195781,0.6039516,0.1822456,0,0.6229112,0.1822832,0,0,0.0548269,0.5625373,0.6076329,0.6145983,1.81e-05,0,0,0,0.6732498,0,0.1103759,0,0.4640146,0.3445179,0.7134536,0.5488613,0.0769453,0.6616113,0.267399,0,0,0.0177122,0,0.0061427,0,0,0,0.3878655,0,0,0.0980394,0.6173113,0.5262204,0.0043915,0.0687446,0
"18048",0.3508675,0,0,0.6886801,0.2872924,0,0.2652042,0,0.1920841,0.0521549,0.584212,0.1540676,0,0.7049938,0.0764059,0.5616711,0.7085621,0,0,0.571255,0.0164778,0.0171237,0.572315,0.2710711,0,0.0837367,0,0.3088709,0.6689665,0.605914,0.1115132,0.7086086,0.2529233,0,0.3597196,0.0368515,0,0.0113886,0.3154906,0.5006737,0,0.3336484,0,0.0216663,0.0891327,0.6969677,0.5460742,0,0,0
"18050",0.4248157,0.0009268,0.6963166,0.5954337,0.2203451,0.6367279,0,0,0,0.0349105,0.6414686,0.1607189,0.535514,0.6531639,0.057898,0.6231755,0.568803,0,0.0019718,0.6044567,0.0354615,0.0102539,0.5533122,0.1903996,0.1188601,0,0,0.4030757,0,0.6177768,0,0,0.2119433,0.0001249,0.3404652,0,0.0003825,0.0115193,0,0.516476,0.6013066,0.3180024,0.0056344,0.0274217,0.1595375,0.6632211,0.510622,0.0003242,0.1357343,0
"18052",0,0,0.7188695,0,0,0.7286461,0.2207063,0.6087787,0,0.0321998,0,0.133977,0,0.7013252,0.0484218,0.7293653,0.6325246,0.5668582,0,0.7658226,0.0236501,0.0184465,0,0,0.1649011,0,0,0.1026102,0.6933286,0,0,0,0.0666987,1.85e-05,0.45509,0.0095154,1e-07,0,0,0.5554736,0.6866793,0,0.0167494,0.010949,0,0.6607693,0.6664274,0.0015556,0.1280485,0
"18054",0.4262289,0.0035691,0.5904462,0.599973,0.3522263,0,0.2390073,0.6267914,0.1353006,0,0,0,0.5118601,0.6250948,0.0878623,0.6798797,0,0.7594098,0.0279172,0,0.0106013,0.0106912,0.7377627,0.211211,0,0,0.4712904,0.1175273,0,0.3789992,0,0.7327956,0.0263226,0,0,0.0336834,0,0.0779781,0.7444976,0.6679649,0.5431947,0.3747974,0,0.0083733,0,0.6404631,0,0,0,0
"18056",0.4191616,0,0.724314,0.6857904,0.2445622,0.6405238,0,0,0,0.0318821,0.7629934,0.1749414,0,0.6760157,0.047466,0,0.6183022,0,0.0623946,0.6796792,0.0281693,0,0,0,0.1624102,0.1049159,0,0,0,0.4060355,0.6679295,0,0,0,0,0.0406188,0,0.0543071,0,0.7296307,0.6992289,0.3554605,0.0246405,0.0291066,0.0116084,0.6633211,0,0.0027413,0,0.7979035
"18058",0.361967,0.0039301,0.6125009,0.6365627,0,0.6777897,0.1524091,0.6077168,0.1663042,0.0551377,0.7054893,0.1004285,0.539115,0.5661293,0,0.6231705,0.667139,0.5351292,0.0731973,0,0.0232842,0.048048,0,0.2373586,0.1684716,0.0725257,0,0.168143,0.6039203,0,0.6664032,0,0,0,0.2891003,0.0372985,0.0021676,0,0.6334252,0,0,0.3835277,0.0163541,0.0217681,0,0.6730297,0.559817,0.0041407,0,0.7544855
"19804",0.3154817,0.0083327,0,0,0,0.7016952,0.2259904,0.4859505,0,0.036411,0.7679644,0.1531914,0.5487847,0.6360449,0.0682428,0.4689712,0.6029107,0,0,0.6973103,0.0153493,0.0163499,0,0.2318723,0,0,0,0.1094488,0,0,0.6952513,0.5608796,0.0576431,0,0,0.0446595,0,0.0620284,0.6521142,0.6789839,0.670687,0,0,0.0254124,0,0,0.5862971,0,0.1115693,0.6743707
"19806",0,0.0024995,0,0.6942335,0.5603928,0.7850427,0.2500195,0,0,0.049689,0.6079565,0.112803,0.6864909,0.5862223,0.0818763,0.6356452,0.3291556,0.7055979,0.0264587,0.6733641,0,0,0.5615736,0.2118148,0,0.1133095,0.4839025,0.1382053,0,0.336245,0.3105755,0,0.0746258,1e-07,0.5708863,0,3e-07,0.030938,0.5883579,0.55856,0.5580063,0.4163488,0.0155939,0.0321419,0.0255335,0,0.149494,0.0093775,0.1930408,0.8298444
"19808",0.4163937,0.0044478,0.672946,0,0.5313136,0.582247,0.2056889,0,0.1860959,0,0.6664333,0.1103465,0,0.651897,0.0451005,0.6513762,0.3307134,0.6782894,0.0432071,0.7605496,0.0011846,0,0,0.182732,0.0666373,0.1543186,0.586845,0.2478727,0.6228195,0,0.3063599,0,0.0922752,0,0.5327573,0.0266936,0,0,0.4829697,0.6018073,0.7083074,0,0,0.0577057,0.0130621,0.4160815,0,0.0131745,0.2060437,0.5565097
"19810",0,0,0.6851148,0.6137422,0.5523423,0.7078996,0.2379757,0.6265709,0.1148333,0.0486237,0.6085153,0.0622369,0.5673983,0,0,0.5129314,0.3424308,0.6870845,0.0491963,0.5840257,0.0056579,0,0.5805509,0.2726324,0.0944076,0,0.4799941,0.1837981,0,0,0,0.6387749,0.1577119,0,0.5417411,0.0458475,0,0.0541929,0.6407414,0,0.5807476,0,0,0.0813684,0,0.4614442,0.1583301,0.0047987,0.2699172,0.6840656
"19812",0.3976836,0,0.689366,0.639234,0.6245671,0.763029,0.2469573,0.5168837,0.1403404,0.0545912,0.5992413,0.1332312,0,0.7160494,0.0710566,0.5234795,0,0.684774,0.0429484,0.6659032,0.0066941,0,0.6911277,0.1976169,0.0724369,0,0.4931294,0.2597126,0.6011463,0,0.2721637,0.5284861,0.1928328,0,0.5980308,0,0,0,0.6180243,0.6249619,0.631455,0.4254718,0,0.0990006,0,0.3869239,0.1610028,0.0350173,0.2780113,0
"19814",0.402499,0.0019967,0.6957006,0.7117396,0.5257538,0.6004865,0.2312451,0,0,0,0.794108,0.1198088,0,0,0,0.6770906,0,0.601143,0.0754954,0.6037949,0.0104111,0,0.6060538,0.2728419,0.1376562,0,0.504717,0.2080448,0,0,0,0,0.1140821,9.69e-05,0.6236114,0.0418406,0.0013244,0.0452318,0.6747249,0,0,0,0,0.1171515,0.0330117,0,0,0.0289905,0.3081247,0
"19816",0.3317121,0.0065459,0.6968331,0,0,0,0.2776089,0,0,0.0499718,0.6916602,0,0.5052912,0,0.0713119,0.5458644,0.57555,0.5673649,0.0306548,0.6489933,0.0177766,0,0,0.2229706,0.1265864,0,0,0.1237303,0,0.3949338,0,0.7018903,0.0770557,0,0.3035937,0,4.74e-05,0.0879265,0,0.5480274,0,0,0.0213217,0.0224431,0.0185734,0.6654747,0.6130873,0.0042233,0.1895097,0
"19818",0,0.0039486,0,0,0.2531704,0.5538686,0.1728579,0.5958201,0,0,0.6093857,0.1287818,0,0.7142711,0.0323362,0,0.6505361,0,0.0617127,0,0.0203277,0.0093515,0.6593487,0.2064575,0,0.1211022,0.4836143,0.2051533,0,0.3422949,0.643319,0.6907126,0.0285216,0.0004269,0.3540283,0,1.6e-06,0.0835457,0,0.6955394,0.5744226,0.3897724,0.010047,0.0098559,0,0.5556619,0.6377079,0.00435,0,0
"19820",0,0.0023415,0.7482044,0,0,0.5864569,0,0.6119262,0,0.0726484,0.5792436,0.1564025,0.4530059,0,0.0481423,0,0.6851121,0,0,0.6886427,0.0303472,0,0.5653382,0,0.1290209,0.159097,0.5148934,0,0.5855138,0.310768,0.5432213,0.6790995,0,0.002081,0.4376647,0.0328833,0.0007329,0,0,0,0,0.3737109,0,0,0.0644874,0,0.6663121,0.0072944,0,0.7037991
"19822",0.3754073,0,0.5685924,0.649846,0.277808,0,0,0.6028405,0.1893299,0,0,0.098021,0.5612873,0.7626538,0,0.6160323,0,0.5722792,0.0291106,0.6100291,0.0236215,0.0290822,0.6855836,0.1982063,0.092687,0.1017874,0.557483,0.2285311,0.7455702,0,0.6634505,0,0,0,0.4053212,0,2e-06,0.0547334,0,0.558529,0.6567184,0.4150509,0.0514362,0,0.0214218,0.6604834,0.7026369,0,0,0.5841935
