"G1","G2","G3","G4","G5","G6","G7","G8","G9","G10","G11","G12","G13","G14","G15","G16","G17","G18","G19","G20","G21","G22","G23","G24","G25","G26","G27","G28","G29","G30","G31","G32","G33","G34","G35","G36","G37","G38","G39","G40","G41","G42","G43","G44","G45","G46","G47","G48","G49","G50"
"3214",0.0170082,0.6429191,0,0.5355098,0.0195074,0.1388124,0.0301028,0,0.0533609,0,0,0.3448806,0,0.0235495,0,0,0.6298161,0,0,0,0.0380444,0.6715615,0.60813,0.615608,0.1875245,0,0.4360559,0,0,0.017769,0.4493994,0.2126353,0,0,0.1747547,0,0.0151922,0.7052693,0.7242144,0,0.0345076,0.6669539,0.1409655,0.1667279,0.5385061,0.5660994,0.091164,0,0.0334847,0.1656356
"3216",0.0268456,0,0.563454,0,0.0005159,0.2469385,0.0056985,0.0213233,0.0133478,0.4999661,0,0,0,0.028916,0,0.7141665,0.6630202,0,0.0069863,0.5280672,0,0.6747378,0,0.5365064,0,0.6453622,0,0.3357086,0,0.0065838,0.4833093,0,0,0,0.319992,0.0402266,0,0.4467433,0,0,0,0.6286585,0.0764755,0,0.5588568,0.6726454,0.066496,0.7128136,0,0.1459326
"3218",0.0344987,0,0.6242648,0,0,0.269327,0.0188484,0.0005144,0,0.5184644,0,0.4038548,0.6854568,0.0192074,0,0.7112962,0.7256572,0,0,0.477718,0,0.7507907,0.6006034,0.4992995,0,0,0,0,0.5798551,0.0032677,0.4123976,0.2217816,0.6870442,0,0.4231491,0.0279333,0.0023498,0.4569969,0,0.0268691,0.0001946,0.668183,0.0947599,0.0007221,0,0.7388287,0,0,0.03937,0
"3220",0.0178454,0.6487415,0.7697697,0.4326679,0,0.2426617,0.0410856,0,0,0.5287813,0,0,0.6648067,0.0233377,0,0.6325828,0.582474,0.4960517,0.0049053,0,0.000339,0.5754494,0.6511164,0.5593916,0,0.5754927,0.3730244,0,0,0.0174839,0.589479,0.1901772,0,0.1809285,0.5014339,0.0465793,0.0047286,0,0.7057954,0.0069209,0.0010736,0,0.1013104,0,0,0.6126174,0,0,0,0
"3222",0.0338598,0,0.6850613,0.5959952,0,0.1626573,0.0245394,0,0.0086134,0.4675254,0.488584,0.4731705,0.7128232,0.0156563,0.0019362,0.6428115,0.6931469,0.602963,0.0027591,0.5228834,0.0007361,0.6159476,0,0.6120142,0.2588565,0,0,0.3953326,0.6523987,0.0169688,0.5198465,0.1750719,0,0.1772721,0.442928,0.033065,0.0051103,0.5198849,0.552194,0.0195951,0,0.6812228,0,0.0024384,0.5458215,0.6902879,0.0895904,0.6921065,0.0523949,0
"3224",0.026294,0.6327499,0.7937022,0,0,0.2475135,0,0,0,0.5729839,0,0.4073664,0.6493251,0.0238767,0,0.6292358,0,0,0,0.6313044,0.0027986,0.6194938,0.5473334,0.5833936,0.162161,0.6506617,0.314455,0.121632,0.6530969,0.0035042,0.4840569,0.159875,0.7123571,0.1817813,0.5404313,0.0282489,0,0.509927,0.676284,0.0281538,0,0.5350691,0,0.0039651,0.5449742,0,0,0.6109015,0.045455,0.1793432
"3226",0.0387022,0,0.6949264,0,0,0.1762147,0,0.158333,0.0411835,0,0.6054566,0.3909458,0,0.0383021,0.0191086,0.6625613,0.6855246,0.6062496,0.0051551,0,0.0299976,0.7259449,0,0,0.2889831,0.6596038,0.4448263,0,0,0,0.478596,0.2124927,0.6493489,0.1215825,0.281111,0.043113,0,0,0,0,0.0069618,0.6652609,0.0628371,0.1134538,0.5472342,0.6303964,0,0.6311862,0.0415667,0.2178163
"3228",0.0354066,0.6211032,0,0.4762928,0,0.1630913,0.0388371,0.1172422,0.025316,0,0.6278055,0.5038825,0,0,0.0427147,0.5935291,0.6648618,0.6508556,0,0,0.0489126,0.6997606,0,0,0,0.6757955,0.5518107,0.4852609,0.6684299,0.0063038,0.4517628,0.2547382,0.5341496,0,0.1652214,0.0092111,0.0026275,0.6771474,0,0.0475516,0.0168973,0.6607156,0,0,0.5489518,0,0,0.6214824,0,0.1431049
"3230",0.0244821,0,0.5289384,0.469728,0,0,0.0175804,0.1515817,0.0479796,0.4485371,0.5154998,0.5595481,0.6660784,0.01507,0.0559408,0.672382,0.6839258,0,0,0.7040098,0,0.6417062,0.5313015,0,0,0.6522068,0,0.46021,0.7020236,0.0197723,0.4701288,0,0.5972169,0.184573,0.2620807,0,0.0055981,0.7299654,0.5587668,0.0221319,0.0164452,0.7094544,0.1141702,0.0899957,0,0,0.0823544,0.8135882,0.0239192,0.1881902
"3232",0.0326211,0.6647686,0.5465677,0.5059868,0.01502,0.1223141,0.0319279,0.1688313,0.0276836,0,0.6666696,0.3436742,0.6133434,0.0217286,0.0223137,0,0,0.4660896,0,0,0.0230408,0.6696432,0.6180917,0.6422623,0,0.6962842,0.4557955,0,0.6629453,0,0,0.2524557,0.6449312,0.1864285,0.1955852,0.0114259,0,0,0.6433181,0,0.0066388,0.6306529,0.087893,0.097398,0.5699842,0.7284239,0,0.725586,0.0394357,0.0949552
"3739",0.0112744,0.6294825,0.4788735,0.4800626,0,0.2096541,0.027795,0.2240366,0,0,0.6558428,0,0.7258106,0.0328523,0.020362,0.5129642,0,0.5836265,0,0,0.034296,0.6000563,0,0.6244691,0.2176078,0.7316222,0,0.3120012,0.6603876,0.0136309,0,0.1654167,0.6995407,0,0,0.0196588,0.0097197,0.5734472,0.7321967,0.0479917,0,0.5433535,0,0.1741448,0.5359158,0,0.0649937,0,0,0.1865937
"3741",0,0,0.767193,0,0.029233,0.1920647,0.0555739,0,0.0255261,0,0.6661907,0.2431285,0,0.0431315,0.045398,0.6701337,0,0.6227317,0,0.1334513,0,0.4212517,0.309812,0.5484208,0,0,0.5406758,0.4939534,0.8254684,0.0078005,0,0.1646976,0.6670357,0.1460956,0,0.0286517,0.0060436,0,0,0.00522,0.0025297,0,0.0892922,0.1486635,0.5282759,0,0,0.8144146,0.03235,0.1279172
"3743",0.0004617,0.6891954,0.5674198,0.5173967,0.0326971,0.1525177,0.0156565,0,0,0,0.5768179,0.4221488,0.6539148,0.0259315,0.0205574,0.6555396,0.5882649,0.615814,0.0082376,0.0665127,0.0352156,0,0,0,0.4057662,0.0229101,0.5497449,0.5655235,0.5885739,0.1159162,0,0.0826315,0,0.1730254,0.4190003,0.0166548,0.0162572,0.646689,0.6700309,0.0123628,0,0.7154096,0,0.1453211,0.5352539,0.4137465,0.1427666,0.6712818,0,0.164617
"3745",0,0.676614,0.5641613,0.6299712,0.0344489,0.2018694,0,0,0.0133585,0,0,0.4273462,0.5832264,0,0.0221469,0.6088006,0,0.693483,0.0055151,0,0.0284896,0.3973092,0.2707611,0.6356842,0.6293034,0,0.5847361,0.6410805,0.653448,0.3892203,0.1028042,0.093571,0.6203803,0.1500227,0.5070817,0.0302041,0.0040596,0,0.630699,0,0.0061684,0.5554392,0,0.1473801,0.4010221,0,0.1491079,0.7977157,0.0230272,0
"3747",0.0008153,0.5864735,0.5804147,0.5876778,0.0273165,0.2638655,0,0.1843006,0,0,0.5759562,0,0.6002578,0,0.0197467,0.6380149,0.682824,0.5788631,0.0063786,0.0586275,0.0504115,0.4508649,0,0,0.5440469,0.0305416,0.4346746,0.5308975,0.7461038,0.5280739,0.1333187,0.1277221,0.6822715,0.29154,0.6240492,0,0.0041974,0.7184586,0,0,0.0183326,0.5989763,0.1176237,0.0753187,0.4118268,0,0.1836097,0.750503,0.0823907,0.153338
"3749",0.0001352,0.7326979,0.6157734,0,0.0271996,0.203707,0,0,0.007913,0,0.5851536,0.3880366,0.56485,0,0,0.7066568,0.7308492,0.7207272,0,0.0953057,0,0,0.2284256,0.6508686,0.7267074,0.0087078,0,0.4585926,0.6242843,0.5348228,0.088436,0,0,0.5283352,0.6655809,0,0,0.6750574,0,0,0.0197399,0.7693538,0.0625249,0.1503811,0,0.0317267,0.1949262,0.7741358,0.0184538,0.1862644
"3751",0.0131819,0.6603838,0,0.5893154,0.0294988,0.1751434,0.012482,0.1590781,0,0.2219638,0.7629978,0.4033901,0.8749701,0.0304888,0.0347842,0.6321432,0,0.6023316,0,0,0.0256531,0,0.4160816,0.6182316,0.4806099,0.6302998,0,0.1221774,0.6107791,0.1097944,0.1231757,0.0561071,0,0.5169097,0.6939919,0.0223059,0,0,0,0.0710153,0.0109371,0.6893148,0,0.1393447,0.5593124,0,0.3196684,0,0.0386972,0
"3753",0.0396082,0.5630176,0.7112709,0.4840922,0.0530633,0.197095,0.0113553,0.1642262,0.0516398,0,0.6973349,0.3905271,0.5697551,0,0,0.525858,0.6553109,0.6852304,0.0201077,0.5646985,0.028752,0.6745584,0,0.5822079,0.3505236,0.6602968,0,0.091591,0.6492503,0.0294818,0.2889278,0,0,0.319743,0.3367333,0,0.0207839,0,0,0.0261029,0.0107732,0,0.0807142,0.1134405,0,0.7244242,0.1272285,0.5654731,0,0.1510274
"3755",0.0359218,0.735041,0.694554,0.5700496,0,0,0.0343313,0.1678251,0.0393246,0.5049951,0.5600695,0.4173946,0.7190113,0.0484588,0.0204112,0.7335787,0.5329507,0.5568188,0,0.6478478,0,0.6951953,0.6508641,0,0,0.5849743,0.5189448,0,0.685854,0,0,0.1848026,0.657164,0.1890937,0.3331617,0.04016,0.0130002,0.5607612,0.6070909,0.0268341,0.0337857,0.5167684,0.0861216,0,0,0,0.065012,0,0.0409723,0.1370203
"3757",0.0388671,0.6212982,0,0,0,0.2264009,0.0115966,0,0.0201373,0.3821757,0.5767636,0,0.6601551,0,0.0360648,0,0,0.5639584,0.00503,0.6596871,0.0253749,0.7703532,0.6838159,0.6177196,0,0,0,0,0.5816068,0.0109515,0.4217558,0.2423899,0.656408,0.1604701,0,0,0.0127182,0.7111725,0.7105193,0.0090951,0,0.6647689,0,0.149915,0,0,0.0439955,0,0.0566832,0.1602643
"5041",0,0,0.6320309,0,0.0391857,0.2194059,0.0170734,0,0.0225075,0.3099083,0,0.4183994,0,0.0329172,0.0170822,0.5756427,0,0.6008632,0.0009864,0.6808945,0.0421672,0,0.542719,0.5728795,0.2554764,0.8017257,0.4628496,0,0.624013,0.0441085,0,0.2628079,0.7708188,0.1723055,0.241788,0.0228781,0.0131015,0.6496143,0.6089007,0,0.0165357,0.4797776,0,0,0,0,0.0734485,0.6859797,0.0168549,0.1886956
"5043",0.008641,0,0,0.4691519,0,0.0796595,0.0094483,0.1538957,0,0.465017,0.6334351,0.4966332,0.6539493,0.0146164,0.0506103,0.534175,0.7339848,0.2415503,0.0041819,0,0.0016143,0.766625,0,0,0.1801951,0.7077171,0.3199587,0.2216679,0.5591557,0.0046737,0.3539694,0,0,0,0.1602286,0.0013809,0,0,0.6196392,0.0160638,0.0207549,0,0.079052,0.1226465,0.4927518,0,0,0.7408476,0,0.1582053
"5045",0.0023388,0.5920867,0.7064674,0.5027096,0.0085871,0.0591771,0,0.1976555,0,0.4980955,0,0.4054286,0.6444235,0,0.0241933,0,0,0,0,0.7508156,0,0,0.6578698,0,0.2690371,0,0.3894126,0,0,0.0150983,0.3702096,0,0.7099247,0.0049773,0.191755,8.7e-06,0,0.5329713,0.6927331,0,0,0.6816851,0.0538619,0.1720397,0.5528099,0.6621993,0,0.7064695,0,0
"5047",0.0014063,0,0,0.5506733,0.0063774,0.0752392,0.019794,0.1695026,0.0559991,0.4010093,0,0.3564936,0.7251323,0.0422573,0.041756,0.6992875,0,0,0.001979,0,8.4e-06,0.6696273,0.5794996,0.6938987,0.2224316,0.6195812,0,0.0609931,0.5513627,0.0067418,0.371118,0.013016,0.6954892,0.000462,0.3272515,2.27e-05,0,0.545893,0.6325776,0.0260782,0,0.6198202,0.0795014,0.1556764,0.4710343,0.6465139,0,0.5036927,0,0
"5049",0.0020608,0.5264279,0,0.4948514,0,0.0840647,0.0122008,0,0.052661,0.394399,0.6924505,0,0.6640761,0,0.037631,0,0.6724211,0,0,0.7722917,0.0003603,0,0.6451562,0.5467182,0.2472929,0,0.3789033,0.0980405,0.6508257,0.0197749,0.3852205,0.0144472,0,0.0002011,0.3176023,0,0.0149101,0,0.5904212,0,0,0.5046385,0.0692399,0,0.5232226,0.7408524,0.0352499,0,0,0.1571748
"5051",0.0005363,0.6073894,0.7447298,0.4213804,0.0013251,0,0,0.1279987,0.101121,0.4449794,0.6061228,0.3391195,0.7016011,0.0285728,0.0349406,0.5586019,0,0.1547545,0.0142504,0.633284,1.08e-05,0.6849947,0.6728577,0.6230464,0,0.6489233,0.2716988,0,0,0.0032766,0,0,0.6445594,0.0018047,0,0,0,0,0.6661513,0.0343354,0,0,0.0828118,0.1512061,0.4801515,0.8384389,0,0.7470279,0.009551,0
"5053",0.0150299,0.561371,0.6192238,0,0,0,0,0.1119329,0.0769372,0.4770898,0.6787876,0.3389276,0,0,0,0.4557077,0.6432934,0.4986551,0.001208,0.6806244,0.0427718,0.5700147,0.5789813,0,0.1991316,0,0,0,0.7467741,0.0034984,0.5224541,0.2549223,0.7118171,0.1483493,0.1826188,0.0088665,0.004821,0,0,0,0.0328265,0.6415077,0.0752023,0.0909503,0.4216055,0.7203613,0.0710615,0.7958711,0.0086352,0
"5055",0.0195174,0.6543326,0,0.518521,0.0225197,0.2602728,0.0522317,0.1749584,0.0299611,0.5880401,0.6518782,0,0,0,0.0499324,0,0.6688399,0.50493,0.0003554,0.7328948,0,0.6095235,0.6338498,0,0,0,0.4179393,0.278872,0,0.0071028,0.5538058,0,0.7285366,0,0.1198118,0,0.0138372,0.6354828,0,0.0313597,0,0,0.0968005,0.1691222,0.4460466,0,0.0583274,0,0.070642,0
"5057",0,0,0,0.4870086,0,0,0,0,0,0.3151441,0.687413,0.3723768,0,0,0,0,0.635696,0.5901844,0.0033682,0.6849515,0.0221477,0,0,0,0,0.6841311,0.5687143,0,0,0.0160835,0.5385851,0.2468187,0.5983936,0.1866477,0.1685995,0.0227837,0.0187667,0.6759507,0,0,0.0159022,0.6016309,0,0.0894255,0,0,0.0646165,0.7672236,0,0.1875559
"5059",0.0297816,0,0.6542244,0.3994928,0.0196951,0.1834939,0,0.1179184,0.0217368,0.4263972,0.62383,0.3604132,0.5385823,0.0393644,0.0451553,0,0.6843639,0.6726713,0.0051526,0.6689558,0.0168723,0,0.5887429,0,0.1428057,0.6441636,0.4147566,0,0,0.0080146,0.4447211,0,0.6758299,0.1954402,0.1499584,0.0092947,0.0232771,0.659647,0.8143595,0.0267281,0,0.7174984,0.1165216,0.0964978,0.5115467,0.6650673,0.0464338,0,0.0348179,0.1563532
"5377",0,0.6763681,0.5900536,0.5628645,0.0333064,0,0,0.1668423,0.0316262,0.3837919,0.6207174,0.4172221,0.5414032,0,0,0,0.538674,0.6312454,0,0.6268609,0.0417379,0,0.5272717,0.5344758,0,0.7641411,0,0,0.595866,0,0.4428734,0.1943403,0.5807607,0,0,0,0,0.6253549,0.705621,0.057866,0,0.6882316,0.0990598,0.0972013,0.4969943,0,0.04554,0.7361976,0.0418012,0.2042583
"5379",0.0180393,0.7539478,0.7028099,0.5846986,0.0091396,0.0698119,0.0124721,0,0.0307875,0.3622334,0.333843,0,0,0,0.0333647,0.5424132,0.5670024,0,0,0.6106328,0.0288214,0,0.5371128,0,0,0,0.5204252,0.3697459,0.5311413,0.0023691,0.2109603,0.0529275,0,0,0,0.0257844,0,0.4303828,0,0.0192029,0.01372,0.6779216,0.0618168,0.0059709,0,0.6071769,0,0.5181498,0.0275125,0.0188737
"5381",0,0,0.5176428,0.5617089,0.0408552,0,0.0369343,0,0.0604515,0.4560859,0,0,0.1223628,0,0.084587,0,0.5646144,0,0.0019256,0.5259493,0,0.5919223,0,0.7614448,0.2604869,0.6617745,0.4941734,0.4191453,0.5590629,0.0195462,0,0,0,0.0771366,0,0.0318572,0,0.3437283,0.5993525,0,0,0.6695539,0.1003817,0,0.4039464,0.6879328,0.0447281,0.6632535,0.06494,0.0046047
"5383",0.027353,0,0,0,0.0421441,0.057262,0,0.1689133,0.0869912,0.4973924,0.3845755,0,0.1203422,0.0486126,0.1115271,0.6177216,0.6352341,0.6232883,0,0,0,0.6897567,0.5569238,0,0.1834989,0,0.5317041,0,0.6999171,0,0.1359129,0.0251683,0.3107905,0.0843037,0.2122365,0.0328807,0,0,0.7391067,0.0266585,0.0072523,0.5360326,0.0851154,0.0125369,0.2834612,0,0.0865102,0.498975,0.0338581,0
"5385",0.0093474,0.6270156,0.5349752,0.4764603,0,0,0.0357888,0.1644233,0.070052,0.4683424,0.3620088,0.4099162,0,0.0262648,0.1063529,0,0,0.6415372,0.0022179,0,0,0.58516,0,0.5800121,0.2855607,0.8581023,0.4889702,0.2793862,0,0.0070889,0,0.0165042,0,0,0,0.0198808,0,0.4171308,0.7064666,0.052619,0,0,0,0,0.3984783,0,0.0936891,0,0.0355613,0.0019384
"5387",0.0232995,0,0.5690922,0,0,0,0.0442823,0,0.0577195,0.6024951,0,0.361189,0,0,0.1135488,0,0,0,0.0153849,0,0.0196549,0,0,0,0,0.5576197,0.494481,0.4304523,0.660212,0,0,0.011299,0,0.1959131,0,0.0881838,0,0.3584095,0.5868675,0.0394579,0.0220633,0.6541122,0.0723578,0,0.3351695,0.5169223,0.0341211,0.6792272,0,0
"5389",0,0,0.653989,0.5227493,0,0,0.0246206,0,0.0477975,0.5666958,0,0.3788812,0,0.0158782,0.041553,0.5315942,0.5611049,0,0.0100939,0,0.0180855,0.6669167,0,0,0,0,0,0,0.6090131,0,0.4729935,0.2192729,0.6528518,0,0.245588,0.0324585,0,0.7420243,0,0,0.0219857,0.7237217,0.0827881,0,0.4214552,0,0.0615734,0,0.0585505,0
"5391",0.0286398,0.7000171,0.7540994,0.4116563,0.0094998,0.1680953,0.0403102,0.1855279,0.0508599,0.451244,0.6117358,0,0,0.013778,0,0.584376,0.5579177,0.6062355,0.0014364,0.6711633,0.0391917,0,0.6241751,0,0.2152648,0,0,0,0.7685397,0.0022665,0.5557289,0.2101599,0,0.1317226,0,0,0,0.6529449,0.5892233,0.0296268,0.0101251,0.7217037,0,0,0.5350185,0,0,0,0.0115437,0.115576
"5393",0.0174834,0.7918624,0.6355881,0,0.0284511,0.2223644,0,0.1485949,0.0288535,0,0.7015744,0,0,0.0193113,0.0180506,0.5751213,0.6031889,0,0,0.6065006,0,0,0.6315869,0,0.2682313,0.7320135,0,0,0.6043013,0,0.4475935,0.2336483,0.6902945,0.1317867,0,0.008088,0.0072004,0,0.5731418,0.0165297,0,0.630879,0.0893115,0.1415554,0.4989973,0.6041697,0,0,0,0
"5395",0.0228852,0.6960455,0,0,0.0235679,0,0,0.1664745,0,0.3263219,0.6352945,0,0.6734199,0,0.0114696,0.4333932,0.587347,0.5153959,0,0,0.0336364,0.7109511,0.6031029,0,0,0.6079731,0,0.1510661,0.6836448,0.0138001,0.5399083,0,0.6874011,0.1743326,0.1977821,0.0395257,0.0132377,0,0,0,0.009923,0,0,0.1617191,0,0,0,0.5896559,0,0.1694142
"8275",0,0,0.6042523,0.4885063,0.0145131,0,0.0151121,0.1590406,0.0159858,0,0.6422955,0.491365,0,0.0226186,0.0283419,0,0.6491602,0.512428,0.0067833,0.5110842,0.0353348,0.5429396,0,0.5856241,0.1979918,0.6819009,0,0.2838822,0.6714712,0.0416186,0.4071214,0,0.7192212,0.1922355,0,0.0203688,0,0,0.6776546,0.0438825,0.0171365,0,0,0.1197518,0,0,0.0867617,0.6905472,0,0
"8277",0,0,0.6358352,0.3487042,0.0002153,0,0,0,0.0115492,0,0,0.2723592,0,0.0389221,0.0190986,0,0.5839952,0.5516191,0.0032414,0,0,0.7487596,0.5621684,0,0,0.4384887,0.5158678,0.2406276,0.5855961,0,0.5337045,0.3176788,0,0,0,0.0207145,0.0154636,0.2164461,0,0.0316118,0,0.3598843,0,0.197236,0.4485395,0.6875394,0,0.6426407,0,0
"8279",0.0021237,0,0,0.262885,0,0.2121803,0.0457251,0,0.0024924,0,0,0.2419049,0.5674773,0.0705041,0,0.6172562,0,0.4996356,0.0009622,0.0903792,0,0,0,0.6572123,0,0,0,0.063515,0,0.0118059,0.5230625,0.1849694,0.1902948,0.1649182,0.2854832,0.0199449,0.0980329,0.2156467,0,0.0334366,0.1076374,0.4110361,0,0.5110481,0.2410445,0,0.1053844,0.6489707,0.0012306,0.1773044
"8281",0,0.7236447,0,0,0.0001373,0,0.0538295,7.68e-05,0.0034038,0,0.5709303,0,0.6732571,0.0356652,0.0273495,0.7490609,0.3958549,0.4945599,0,0.0720482,0,0.5786545,0.5773669,0.566067,0.3605913,0,0.5270981,0,0.6698308,0.0164142,0,0,0,0.1862468,0.341276,0,0.1595599,0,0.6448666,0.0257622,0.08041,0.3578573,0.0122569,0.5527766,0,0.5670998,0.164818,0,0.0004871,0.2460145
"8283",0,0.7451664,0,0.242117,0.0009448,0.2371872,0.026409,0,0.0047995,0.3249424,0,0.3379442,0.6149684,0.0357203,0,0.6625788,0,0,0,0.0407842,0,0.7290953,0,0.645678,0.3142091,0,0,0,0,0,0.4747627,0,0.1418579,0,0.4075578,0.0133811,0.1686543,0.2202964,0.5723277,0.0149116,0.0589157,0.2908147,0,0.5278951,0.1419482,0.6055337,0.1513495,0.5030155,0.0015421,0.212945
"8285",0.0024213,0.6924809,0,0.2775052,0,0,0,0,0,0.3424736,0.5058533,0.3023917,0,0.0243443,0.036311,0,0.4542467,0.5415421,0.0005356,0.0855227,0.0001507,0.5886773,0.532958,0.6316659,0.3257374,0.3675928,0,0.0555378,0.7162289,0.0348121,0.3981515,0.2697577,0.0812704,0,0.3996891,0.0362891,0.2261678,0,0.5943756,0,0.0415751,0.2412363,0.067106,0.3921063,0.1838708,0,0.1830232,0,0,0.2134546
"8287",0.0286723,0,0.6201062,0.5838557,0.034178,0,0.0424204,0.1316125,0.0812152,0.1646701,0,0,0,0,0.0327456,0,0.5634564,0,0.0067686,0,0.0337673,0.7023344,0,0.4499419,0.2696659,0,0,0,0,0.0206548,0,0.1980812,0.7239922,0.1724934,0.3295767,0.012812,0.04113,0.5149339,0.5594407,0.0306935,0.0206105,0,0.0748708,0.1439608,0.3610482,0.6570614,0.0802555,0.5541523,0.027854,0.1650185
"8289",0.0243501,0.7282925,0.7258187,0.4719154,0.026827,0.2320322,0.0351599,0.1689837,0,0.2891531,0,0,0.666486,0.0318912,0.0180073,0,0.5949558,0.6399798,0.0066392,0.641678,0.0315376,0,0,0.485399,0.2399758,0,0.5076123,0,0.6150993,0,0.4343169,0,0.6980774,0.165734,0,0.032354,0,0.6731041,0.6328607,0.0167975,0.0162476,0.6723318,0,0.0892251,0,0,0.0726628,0.6759894,0,0.1308989
"8291",0.0093473,0,0.7100591,0.464589,0.006774,0.277774,0,0.1065759,0.0498568,0.5164624,0,0,0.5938322,0.0117618,0.0145895,0,0.6328075,0.6776151,0.0095331,0.6981016,0.0323528,0.5823813,0.6004791,0,0,0,0.4458962,0.4537107,0.6517569,0.0091359,0,0.223927,0.7275898,0.1324018,0.3112641,0,0.0072088,0.6537551,0,0.011092,0.0165582,0,0.0661102,0,0,0.5777388,0.0758076,0.6098472,0,0
"8293",0,0,0,0.5397324,0.0108893,0.2328105,0.0228058,0,0.0209306,0.3469916,0.5938276,0.4780814,0.7036372,0.027396,0.0223197,0.6205999,0.6782269,0.7392479,0.0025937,0.7198407,0.0156023,0.7190864,0.5610219,0.5542175,0.306339,0,0.5461089,0.4083187,0.6166017,0.0102382,0.4695373,0.2268396,0,0.1385078,0,0.0225518,0.0193743,0,0,0,0.0224412,0,0,0,0.382584,0.6102332,0.0385869,0,0.0199889,0.1545403
"13231",0.0257753,0.6728918,0,0,0,0.1635576,0.0346134,0.1998988,0.0435404,0.3653283,0.7001438,0,0,0.019825,0,0.5701263,0,0.6195109,0.0096777,0,0.049401,0.5622092,0,0,0,0.5683571,0.4481881,0.277832,0,0.024457,0,0.1869754,0.6860561,0.13266,0.1935873,0.014202,0,0.6723851,0.641769,0.0350511,0.0240595,0,0.1005794,0,0,0,0.0408319,0.5013031,0.0155004,0.1530709
"13233",0,0.6005543,0.6317065,0.1529267,0.0055777,0,0.126539,0,0.0494234,0.4703278,0.6171393,0,0,0.0018075,0,0.5639,0.6486762,0.6653995,0,0.6838773,0.0164237,0.5353544,0,0,0.2805507,0,0.5427289,0.5221725,0.6375013,0.0027297,0.3328691,0,0.6000412,0.1390771,0.3793182,0,0,0.7100651,0.5212784,0.0257208,0,0.6599903,0,0.1176583,0.5770669,0.6145371,0,0.6791197,0.0167801,0.1384411
"13235",0,0.5937472,0.5264171,0,0.0270188,0.0939649,0.430591,0.14067,0.0437577,0.4200006,0.6944779,0,0.7656388,0.0034022,0.0363548,0.5012485,0.366983,0.5724666,0.0009054,0.6265103,0.0005974,0,0,0,0.2484664,0,0.5739607,0.576368,0.5874313,0.0180792,0,0.2981482,0.6146302,0,0.2756339,0,6.55e-05,0,0.6659016,0,0,0.7518365,0,0.1729038,0.5571653,0.6920595,0,0,0,0.1582899
"13237",0,0.679827,0,0,0.0398635,0.1037169,0.4918079,0,0.0463018,0.3959649,0.6819006,0,0,0,0,0,0.2032992,0.801681,0.0011564,0,1.8e-06,0,0.4661882,0.6648762,0.3020978,0.4394755,0.4356799,0.5601603,0,0.034264,0.3003009,0.172518,0.6215833,0.1221132,0,0.0337581,0.0016003,0,0,0.0126702,0,0.7890269,0.0881195,0.1249418,0.5710828,0.5967456,0,0,0.019386,0.1718715
"13239",0,0.682529,0.7664867,0.0929425,0.0214137,0,0.5367765,0.1002655,0.0389003,0,0.6626955,0.1271117,0,0.0625562,0.023177,0,0.1365636,0.6752753,0,0.7273726,0,0,0,0.6299464,0,0.5127918,0.4667577,0.4602026,0.6997465,0.0144742,0,0.2160698,0.6690333,0.2450142,0,0,0,0.6146587,0.8169599,0.013175,0.0012613,0,0.0794537,0.0880685,0,0.573904,0,0.7430058,0,0.1898044
"13241",0.0006852,0,0.6634122,0.1257491,0.0380484,0,0.6002352,0.1472117,0,0.4701433,0.6918521,0.1880406,0.6275482,0.0963058,0.066821,0.4865074,0,0.5921888,0,0.6031096,3.8e-06,0.5497355,0,0.6650705,0.2839409,0.4584264,0.5695068,0.523825,0,0.0096007,0,0,0,0.1597422,0.1192345,0.0299494,0,0,0.8286039,0.0204152,0,0,0.0816138,0.0709754,0,0.6621137,0.01459,0.5983109,0.014496,0
"13243",0.0487862,0.6845174,0,0,0.0301745,0.2334608,0.16307,0.1091961,0,0.4684765,0,0.2669372,0.5961943,0.1193312,0.0141375,0,0.2116265,0.5153304,0,0.5270144,0.0459786,0.6624046,0.5765178,0.6127587,0,0,0.4412879,0.1567003,0.5762318,0.0095283,0.4197529,0.240844,0.5935901,0.1707673,0,0,0,0.7030279,0.7127711,0.0289541,0,0.596258,0,0.1228283,0.5941735,0.6822538,0.0245589,0.6870296,0,0
"13245",0,0.5943635,0.6364174,0.4561767,0.0359755,0.2105276,0.0527893,0,0.0328395,0,0.6911692,0.3696871,0.6646046,0,0,0,0,0.6012511,0.0017351,0.6582976,0.0340139,0.7152945,0,0.6547916,0,0.6442503,0.4339627,0.3202694,0,0.0427274,0.5132102,0,0,0,0.256841,0.0468496,0,0,0.6545418,0.0257464,0,0.6581426,0,0,0.5298926,0,0,0.676979,0.0271349,0
"13247",0,0.8011722,0.6953807,0,0.0415483,0.1761458,0.0329604,0.1023049,0.0260861,0.5409229,0,0,0.585778,0,0.0371481,0.6641884,0.675665,0.5228984,0,0.702738,0,0.69399,0.7938821,0.6418284,0.2828603,0,0.5537532,0,0.560837,0.0093586,0.4682081,0.2475583,0.59961,0,0.1369994,0.0248653,0.0131559,0,0.6840101,0.0183083,0.0073301,0.6333552,0.0574233,0.1427685,0,0.5598096,0,0.6904711,0,0.2371227
"13249",0.0259867,0.5600589,0.6671986,0,0,0.2612819,0.0653149,0.1237482,0.0271276,0.3692259,0.7158062,0.4145855,0.7295282,0.0344617,0.0265442,0,0,0,0.0068347,0.6121236,0,0,0.6508567,0,0,0,0,0.2926112,0,0.0055509,0.5061718,0.2652435,0.6426724,0,0.2125233,0.0272374,0.0155723,0,0.6097947,0,0.0054998,0,0.0902463,0,0.596593,0.6567181,0.074257,0,0.0136588,0
"13609",0,0,0,0.5018199,0.0337732,0,0.0223654,0.1820115,0.0383132,0.3184413,0,0.4518542,0,0.0126177,0.0279588,0.4638072,0.7430967,0,0.002175,0,0.0323069,0.682915,0.6700673,0.6296218,0,0.6544163,0.5835517,0,0.5901828,0,0.3855848,0,0,0.1915578,0.2052703,0.0234461,0,0.6471259,0.7131994,0.0317164,0,0,0.0644724,0,0.5410932,0,0.061214,0,0.0246733,0.1933413
"13611",0,0.6819915,0,0,0,0.2462698,0.0407894,0.1353883,0.033826,0.5681561,0,0,0.6419142,0.0242401,0,0,0,0,0.0191743,0.5935761,1.01e-05,0.6241484,0,0,0.1950031,0.6720243,0.4321542,0.0749602,0.8097647,0.0149859,0.3297263,0.2571703,0.7562252,0.1075251,0.3331518,0.0094257,0.0330296,0.6488881,0.6789711,0.0064948,0,0,0.0001411,0.1542684,0.5121878,0.5680098,0,0,0.0470962,0
"13613",0.0003386,0,0,0.5564232,0.0288392,0,0,0.0863254,0,0,0,0.3619396,0,0.0404168,0.0404859,0,0,0.5265131,0.0090708,0.7235681,0.000726,0.6730335,0.7343099,0.557031,0,0.7476625,0,0.0938114,0,0.009738,0.2485254,0,0.6027063,0.1716312,0,0.0019556,0.0063966,0.718698,0.6573885,0,0.0176256,0.6052455,0,0.1649949,0,0.6206449,0.0687445,0.6855086,0.0331304,0.1583731
"13615",0,0,0.6275373,0,0,0,0.0257368,0,0.0393653,0.300914,0,0.4037788,0,0,0.0464245,0.6339794,0.6782485,0.6910589,0,0.7021409,0,0.6471082,0.648851,0,0,0.5427912,0,0.3032964,0.5939129,0.0222476,0,0,0,0,0.2151314,0,0.0333168,0.6675936,0,0.0210075,0,0.7298673,0,0,0,0,0.0469229,0.5915958,0,0.2072447
"13617",0,0.6931056,0.8507192,0.4891379,0.0347527,0,0,0.1290449,0,0,0.6573576,0.3914441,0,0.0124638,0.020825,0.5808082,0.6089193,0.655643,0,0.6666102,4.1e-06,0.5713003,0.6691492,0.5853585,0.2368502,0,0,0,0,0,0.2779933,0,0.6608308,0,0,1.55e-05,0.0033883,0.6536215,0.5730139,0,0,0.6458562,0,0.2115853,0,0.7032977,0.0406188,0.8101038,0.0303968,0.241812
"13619",0.0007883,0,0,0.5501156,0,0.2053493,0,0,0.0394392,0.3562879,0.6104444,0.4025476,0.6949628,0,0,0.6117966,0.6318673,0.6088683,0,0.6548423,0,0.5748368,0.5781541,0.4625033,0.1837804,0.6701401,0.4501026,0.1975368,0.6756129,0,0.2655242,0.215045,0.7171184,0.1285046,0,0,0.0131662,0.6725602,0.649085,0,0,0,0.0003099,0.1029754,0.4998652,0.7312781,0.0787042,0.5787301,0,0
"13621",0,0,0.7531119,0,0.0107742,0,0,0,0.0580734,0.4321744,0.6007037,0,0.7260851,0.0394404,0.0546884,0,0.5433455,0,0.0025694,0.5093975,0,0.5932945,0.6119592,0.6337926,0,0,0.3500978,0,0.5920687,0,0.5762699,0.2314593,0,0.1943705,0.2232132,0.0218556,0,0.5621074,0.7180619,0,0,0.6690798,0.052568,0,0,0.5750586,0,0.532976,0,0.1237271
"13623",0.0377567,0,0.699834,0.5290257,0.0767636,0.197012,0,0.1894542,0.0323318,0.4360086,0.6103195,0,0.6583639,0.0156397,0,0.4982755,0.5193334,0.5593458,0.003839,0.6788599,0,0.7148737,0.5658385,0.5487294,0.1966805,0.7831841,0.4029325,0,0,0.0065887,0.4915651,0,0,0.1632209,0.0797092,0,0.0054339,0.7308713,0,0,0.0022076,0.637476,0,0.0728913,0.5539577,0.7128305,0,0.6556014,0.036806,0
"13625",0.0491799,0,0.64224,0.542784,0.0190431,0.2300622,0,0.1247278,0.029623,0,0.6628123,0,0,0.0347313,0.0403953,0.5639801,0,0,0.0030696,0.6134955,0.0587861,0,0.5616789,0,0.2275763,0,0.5506704,0.2094424,0,0.0198323,0.4726568,0.2347246,0,0,0.1793998,0.045014,0.0223644,0.670044,0,0,0,0.6381599,0,0.1406556,0.5582944,0.6360222,0.0461331,0,0.0310859,0.1702875
"13627",0.0256081,0.5371431,0,0,0.0386451,0.1883319,0.0203992,0,0.041857,0.3292525,0.6958127,0.3171734,0.7970895,0.029436,0.0191705,0,0.6063504,0.6214256,0.0007977,0.6316234,0,0.6436385,0.5842563,0.5634256,0.1931509,0.6822564,0.5165057,0,0.6801611,0.0032224,0.5187655,0.180172,0.6026131,0.1723385,0,0.0293553,0,0,0.6050869,0.0356806,0.0181787,0,0.1212605,0.130759,0.5524746,0,0.0526903,0,0.0334039,0.1647226
"16570",0,0.6913054,0,0,0,0,0,0.2064325,0.0200197,0,0,0.4910078,0.5836764,0,0.0167603,0.5357128,0,0.6549102,0.001297,0.5435841,0.083627,0,0.690846,0.5614896,0,0.7514723,0.4528389,0.2604012,0.5571689,0.0251072,0.4310177,0.1577077,0,0.1990967,0,0.0260806,0.0114573,0,0.6964322,0.0687983,0.0284997,0,0.0945643,0.1123502,0.5397996,0,0,0.5766733,0,0.1606325
"16572",0.0125316,0,0.6797358,0.4113106,0,0.1498705,0.0041186,0,0.0460227,0.50443,0.5158427,0,0,0.0304478,0,0,0.8494023,0.318913,0.0071142,0.7877155,0,0.8034676,0.2997575,0,0,0.1897137,0,0.3915743,0.732114,0,0.5006452,0.2396207,0,0,0.4749603,0.0013496,0.0105046,0.6258062,0.7719168,0.0042058,0.0094788,0,0.0650183,0.1067753,0.5181283,0.6652877,0.1397435,0,0.0478432,0.1273824
"16574",0.0006506,0.7242081,0.618035,0.5088245,0,0.1115901,0.0029534,0.134044,0.0274995,0.5060449,0.6834272,0.3000483,0,0,0.0267427,0.4278678,0.6779258,0,0.0056135,0.6082824,0.0303298,0.7918513,0.2970872,0.6308857,0.2997162,0.1554425,0.4286273,0.4292849,0.7171632,0,0.3459728,0.240497,0,0,0.6611264,0,0.0040381,0.7106446,0,0,0.0235601,0.6415699,0.0984693,0,0.6178544,0.7419718,0.2762142,0,0,0
"16576",0.0030771,0.7683146,0,0.4322128,0.0156816,0.0961263,0.0031548,0,0.0125428,0.590169,0.6707138,0,0.6733921,0,0.0367382,0,0.6814879,0,0.006339,0.6435458,0.0312412,0.5615814,0.2276451,0.5659751,0.4646837,0,0,0.3632594,0,0.0033671,0.3216975,0.2103959,0,0,0.5929543,1.5e-06,0,0.6751448,0.6286269,0,0.0104587,0,0.0743203,0,0.4067386,0,0.4848136,0.6067064,0,0
"16578",0,0.7309548,0.5899675,0.5552471,0,0,0,0,0.0309655,0.5505386,0.6829946,0.4315988,0,0,0.0493075,0.5634368,0.673884,0,0.004799,0.630531,0.0492702,0,0.1935079,0.6119261,0.3894689,0,0.511174,0.4236693,0.5435738,0.0022366,0,0.1913372,0,0,0.671328,0.0008616,0.0088561,0,0.5557027,0.005031,0.0216496,0.6158721,0.0532651,0.1353598,0,0.64086,0.5946831,0.5844469,0,0.1762224
"16580",0,0.5990199,0,0.4338683,0.0023854,0,0.0283656,0.1658793,0.0595229,0.5207198,0.6591712,0.4302366,0.7158278,0.0310059,0.0524883,0.4975229,0.5813647,0,0.0074368,0.6336175,0.0273774,0,0.2909617,0,0.5012299,0.1586254,0.5105361,0.428553,0,0.0071315,0.2127816,0.2256755,0,0.0351722,0.6126021,0.0002198,0.0168265,0.6188309,0.6932768,0.0102037,0,0.5898374,0.061,0,0,0,0.6015264,0,0.0349229,0
"16582",0,0.7044249,0,0.4278623,0.0443154,0.3128034,0,0.1128985,0.0667042,0.4456185,0,0.338028,0.5955282,0.0335696,0.0278294,0.61682,0.6119496,0,0.0022402,0,0.0148329,0.6837979,0.6638048,0,0.2873505,0.610107,0,0.0964845,0,0.0162596,0.2347562,0,0,0.1901488,0.5286608,0.0348641,0.0110678,0.5960834,0.6073268,0,0.0408284,0.5917173,0,0,0.4276551,0.5699893,0.2869582,0.7206686,0.0295047,0.2204974
"16584",0.0582641,0,0.7281581,0,0.0177247,0,0.0447491,0.1623599,0.0492143,0.4348007,0.549992,0.4239436,0,0.0115015,0.0155166,0.5256417,0.6723182,0.6576467,0.0070554,0.5752663,0,0,0.6594074,0,0.171483,0.7425543,0.5699775,0,0.6270791,0,0.3530764,0.1896168,0.4881344,0.1714929,0.3396369,0.0134729,0.0062844,0.5549734,0.4974675,0,0.0100245,0,0.0932746,0,0.37673,0.7172766,0.1329485,0,0.0454668,0
"16586",0.0540106,0,0.7273309,0.4747008,0,0.2430318,0.0348457,0,0,0.4254408,0.5207452,0.3821915,0,0,0.0408657,0.5813459,0.6232359,0,0,0.638495,0.0583214,0.6166558,0.6777161,0,0.1641616,0.6329719,0.5824496,0,0.7101845,0.0165064,0,0,0,0,0,0.0247266,0.0032951,0,0.5723272,0.0215532,0.0162972,0,0.0899976,0,0,0,0.0894155,0.7034742,0,0.1778073
"16588",0,0,0,0.5038595,0.0388631,0,0.0498704,0.1598722,0.0428101,0.46149,0.6022519,0.4295087,0.6883543,0.0303474,0.0200713,0.5030028,0,0,0,0.7954743,0,0.6519933,0.6251723,0.4982077,0.2058921,0.7202983,0,0.1425691,0,0.0153822,0.4733464,0.2064051,0.6717119,0.1079411,0.1998951,0.0542401,0.0195183,0.5189173,0,0.0402305,0.0071334,0.5521689,0.0757791,0,0.5517429,0.4954971,0,0.6644663,0.0227054,0
"18145",0,0.6955525,0,0,0,0.1833777,0.0525498,0.1693496,0.0256365,0,0.652209,0,0.5849895,0,0,0,0.5886248,0,0,0.5750222,0.0356996,0.564932,0.5941006,0.7082227,0.1965004,0,0.5376147,0.2916445,0,0.0204544,0,0.1781983,0.7214904,0,0,0,0.0235791,0,0.7942032,0,0,0,0.104921,0.1580185,0,0.6170894,0.0492535,0,0,0.1587856
"18147",0,0.6524549,0,0.6332968,0.0181526,0,0,0.1547982,0,0.0988116,0.653098,0.5024045,0,0.0509068,0,0.6674008,0,0.601255,0.003437,0.7349623,0.0018664,0.6756919,0.5196273,0.5785173,0.4142106,0.5176091,0.5997657,0.0368694,0.508773,0,0.2704288,0,0,0,0.5821662,0,0,0.6065493,0.5633526,0,0.0012844,0.6499638,0,0.1453186,0,0.6765045,0,0.7523537,0.0577004,0
"18149",0.0026984,0.6947298,0.6904086,0.6444071,0.0404546,0.1028734,0,0.1250258,0,0.0373091,0.6712681,0.4490622,0,0,0,0.6839503,0.6341605,0.5456849,0.0053958,0.6443847,2.88e-05,0.7540358,0,0.5679169,0.4185595,0.6438866,0.5038188,0.1019952,0.6435584,0.0013294,0.2327528,0.216572,0,0.005179,0.62148,0,0.0277769,0.6982486,0.6944007,0.0219547,0,0.7188863,0,0,0.5503692,0.6154042,0,0,0.0779986,0.1236119
"18151",0.0004779,0,0.7548706,0.5515629,0,0,0.0061024,0.1264846,0,0.0082658,0.5910256,0.3921653,0.630388,0.0424002,0.0060615,0.6923209,0.6849024,0.5994067,0.0082282,0.629991,0,0.7095586,0,0.6666093,0.3716334,0.6806199,0.574427,0.0860066,0,0,0,0.1739479,0,0.0209398,0.5766961,0.0003263,0.0338714,0.5451934,0,0.0189346,0,0.7568699,0.0913216,0.1413833,0,0.6798597,0,0,0.023307,0.2065779
"18153",0.000107,0.6349293,0.8150475,0.7191739,0.0423363,0,0.0220124,0,0,0.0330541,0.5481534,0,0.5248962,0,0,0.6389048,0.5911075,0.5272986,0.0096888,0.6813117,0,0,0,0.6323435,0.4237938,0.6814221,0,0.1529246,0,0,0,0.2395747,0.2394414,0,0.4769537,0.0005922,0.0353008,0.7344994,0.690644,0.0180794,6.56e-05,0.7022544,0.0665929,0.1164949,0,0.7180502,0.0010924,0.6652488,0.0165683,0.1766688
"18155",0,0.6816491,0.6833393,0.6686221,0,0.0764797,0.002197,0.2215981,0,0,0.6051673,0.4777002,0.6817749,0.0104347,0.0156042,0,0.6594054,0,0.0060548,0.7184671,0,0.73007,0.4130228,0.616924,0.4114367,0.6205262,0.4954568,0.5521859,0.5037907,0.0006259,0,0.2385415,0,0.0214879,0.5223204,0,0.0288236,0.6046407,0.6794383,0.02986,0.0002274,0,0.081551,0.1341321,0.527852,0.7260754,0.0027782,0.66349,0,0.1988981
"18157",0.0332153,0.6508564,0.689978,0.5675683,0,0,0.0129444,0.1567675,0,0.123445,0.6526322,0.5100994,0.6855922,0.0143877,0.0245706,0.6436533,0.7127865,0.4978288,0.0102461,0,0.0318116,0,0.5451953,0.617742,0.2829512,0.7083162,0.4599075,0.5146582,0.6741635,0.0224333,0.2708233,0.2577633,0.628264,0,0.4573947,0.0122859,0.0280212,0.6420323,0.5349958,0.0527051,0.0162157,0.5053447,0.0746653,0.1459455,0.4864338,0.6929826,0,0.5982056,0.0286318,0
"18159",0.0236331,0.6983249,0,0.5946662,0.0150783,0.2152369,0.0030849,0.1041884,0.0433996,0.3093408,0.7371725,0.5079552,0.6673981,0,0,0.6513216,0.6402272,0,0.0060916,0.6868727,0.0363222,0.6731792,0,0,0.2564711,0,0,0,0,0.0168652,0.4283183,0,0,0,0,0.0113412,0.0113911,0,0.6144863,0.0224112,0,0.5724914,0.1122222,0.1483465,0.6217786,0.6227725,0,0.6866893,0.0358269,0.1848863
"18161",0.0353272,0.7120627,0,0.459564,0.0284781,0.143462,0.0204679,0.0968288,0,0.3327588,0,0.4290882,0.5915534,0.0212539,0,0,0,0.5026787,0.010571,0,0.0344881,0.7356025,0.604249,0.5549788,0,0.6965408,0,0.3422857,0,0,0,0.2341632,0.6903351,0.1424056,0.2202694,0.0355201,0.0091833,0.5794685,0.7238967,0.0246671,0,0.5864982,0.0958114,0.1665818,0.5592195,0.6752113,0,0,0.0221537,0.2058936
"18163",0.0322044,0.6004572,0.7474581,0.5418584,0,0.229421,0.0298634,0,0.0360282,0,0.6539659,0.4474981,0,0,0.013513,0,0.651915,0.6113191,0,0,0.0222235,0.7381095,0.5401597,0.5569805,0.2022681,0.6649914,0.4811178,0.0856893,0,0.0057118,0,0.3222535,0.6602095,0.2095313,0.097521,0.0281088,0.0094208,0.5781031,0,0.0566755,0.0062917,0,0.0850635,0.1075406,0.4789079,0.6565681,0.0612605,0.7650517,0.0506887,0.2071839
"19972",0,0.6278034,0,0.4761983,0,0.19417,0.0321591,0.1463202,0.048428,0,0,0.4745924,0.5956006,0.0426852,0.0229068,0.6015632,0.6992094,0.6090722,0.001029,0,0.0346792,0,0,0.5687509,0,0,0.5175243,0.2907391,0,0,0.3472483,0.17637,0,0,0,0.0144051,0,0.6389062,0.6788952,0.0292616,0.0250495,0.5779281,0.0896155,0.1354305,0.5168535,0.5395267,0.0694597,0.7345087,0,0.2049675
"19974",0.0015305,0.6780816,0,0.5364894,0,0,0.0264708,0,0,0,0,0.3449068,0.7806697,0.0236891,0,0.5025337,0,0.6071723,0.0009225,0.0195219,0.0118425,0.6653311,0.3217799,0,0,0.7283016,0.4563192,0.1137203,0.6677554,0.0436704,0.4446672,0,0.6304221,0.2079607,0.1176211,0.0955391,0.0109593,0,0.7001698,0.0256166,0,0.3150595,0,0.0070557,0.5489576,0,0.0621002,0.6426156,0.0202869,0.1902826
"19976",0,0.701857,0.6807153,0.4329605,0.0003259,0.2268111,0,0.1346593,0.0242846,0.4729246,0.5750808,0.433893,0.6865177,0,0.0084787,0.6749878,0.675255,0.5574343,0,0,0.020165,0,0.2329365,0.4697111,0.1405821,0.6692147,0.5174429,0.184517,0.7415428,0.0075982,0.5427032,0,0.5393882,0.1191214,0,0.0324607,0,0,0.6912215,0,0,0.3174539,0.129335,0,0.4820049,0,0,0.6358958,0,0
"19978",0,0.6074879,0.6793283,0.5698488,0.0022939,0.2016989,0.0310568,0.1790705,0,0.5689938,0.7430747,0.3699417,0,0.0422842,0.009019,0.5407182,0.5630122,0,0.023095,0.0318519,0,0.6765234,0,0.4843628,0.1285188,0.8063617,0.3988143,0.1197975,0.7502666,0,0.6375015,0.2424719,0.6849015,0,0.081453,0.0497886,0.020209,0,0.6170459,0,0.0085982,0.198947,0.0729798,0.009953,0.5843815,0.7082209,0.0674371,0.6621812,0.0200168,0.2047319
"19980",0.0001489,0.6075696,0,0.6655146,1.8e-06,0.1879415,0,0.1631846,0.0150651,0.4325283,0.6848541,0,0,0,0,0.5800107,0.6562425,0.5335476,0,0,0.0459764,0.6403344,0.3123476,0.6579776,0,0.7136183,0,0.3903397,0,0.013368,0.6224504,0,0.7108435,0.1335914,0.083015,0.045111,0.0090618,0.6397588,0.679092,0.0155855,0.023733,0,0.0632369,0.0025076,0.4769831,0.7422642,0,0.659823,0.0396282,0
"19982",0,0.6730985,0,0.5549977,1.32e-05,0.2214799,0.0180151,0.1363513,0.0458964,0.4813139,0.7292852,0.3663802,0.5685258,0.0316766,0.0039717,0.6194623,0,0.5281116,0.0042664,0,0,0.6450803,0,0.5617621,0,0.6537658,0,0.3446331,0.6813391,0.006773,0.520659,0.3090337,0.6951645,0.1768548,0.0614367,0.0278427,0.0106929,0.6543148,0.7274896,0.0263046,0.012075,0.2662246,0.0861194,0,0.5495707,0.5999651,0.0517542,0.7794776,0.0465002,0
"19984",0.0445955,0,0.7143204,0,0.0287808,0.1741393,0,0.0943281,0.0266935,0,0.7089142,0.3550108,0.7009455,0.0282683,0,0.629311,0,0,0.0085453,0.7311896,0.0236483,0.6955336,0.6231006,0.6639496,0.3149528,0,0.4744835,0.3013072,0.5934724,0.0480665,0.513726,0.241521,0,0,0.1594842,0.0310945,0.0111112,0.5979593,0.6078802,0.01246,0.0040203,0.6674236,0,0,0,0.6632185,0.0370414,0.6434165,0,0.1872293
"19986",0,0.6336695,0.6525591,0.4855425,0.0165444,0,0,0.127967,0.0473592,0.3794819,0.6551262,0.3479187,0.6481407,0.0784773,0.0473719,0.5273673,0,0.6496331,0.0002386,0.7808148,0.0369159,0.5197212,0,0,0.233284,0,0.5133761,0.2010979,0,0.0083914,0.554869,0.2262,0.7089748,0.094097,0.2160797,0.0336092,0.0053546,0.6486936,0,0,0,0.7434059,0.0917651,0.1131837,0.5234951,0.6458798,0.041319,0,0,0.1892802
"19988",0.030583,0.7461406,0.6250438,0.4888461,0.0219735,0,0.0324128,0,0.0249019,0.4556208,0.6636534,0.4729723,0.7963494,0.0322458,0,0.621402,0.7127577,0,0,0,0,0,0.5859756,0.5061033,0,0.7435919,0.410054,0.1539291,0.5283832,0.0069171,0.5034011,0.2456883,0.6688617,0.1475354,0,0.0423301,0.0135515,0,0.6306661,0.0229499,0.0128947,0.6244107,0,0,0,0.7284518,0.0789297,0,0.0241879,0.108769
"19990",0.0397736,0,0.6995268,0.5554419,0,0.2719941,0.0323273,0.2083888,0.0210838,0,0,0.3230301,0.6402957,0.0314273,0.0346715,0.5437034,0,0,0.0002969,0.6685457,0,0.6322669,0.6676073,0.5103333,0,0.673077,0.4165321,0.1950045,0.6177411,0.0109095,0,0.2320547,0.5858535,0.1852408,0,0,0.0431053,0.7210404,0.5881953,0,0.009279,0.6156742,0.0588924,0,0,0,0,0.719063,0.0314892,0.100653
