"G1","G2","G3","G4","G5","G6","G7","G8","G9","G10","G11","G12","G13","G14","G15","G16","G17","G18","G19","G20","G21","G22","G23","G24","G25","G26","G27","G28","G29","G30","G31","G32","G33","G34","G35","G36","G37","G38","G39","G40","G41","G42","G43","G44","G45","G46","G47","G48","G49","G50"
"3151",0.617962,0,0.0069175,0.0205609,0,0,0.0481949,0,0.2201478,0.5501183,0,0.3659642,0,0,0.4412983,0.0729733,0.6258868,0.6530559,0.5678071,0.0910694,0.0781406,0,0,0.6814446,0.6682213,0.2060898,0.6610464,0.5272509,0.0088804,0,0.6941701,0.6125845,0,0,0.4011802,0.0012472,0.3977485,0.4832114,0.2589015,0.6020799,0.7616518,0.6567596,0.0380039,0,0,0.0255921,0.375378,0.5670035,0.5663606,0
"3153",0.6565978,0.706673,0.0066002,0.0004562,0.6802069,0.4864454,0,0,0.0798627,0,0,0.3411076,0.5770489,0,0.3921254,0.0413515,0.5785999,0,0,0,0.0435707,0.0200462,0.6177261,0.7292197,0,0.3869094,0.6038656,0,0.0514028,0.534951,0.6242354,0,0.1958682,0.7770089,0.4618186,0.0007776,0,0.6632278,0,0.4091704,0.5838014,0,0.293446,0,0,0.4112487,0.3196949,0.6006585,0.5892858,0
"3155",0.6968436,0.6277581,0.0142389,0,0.6355389,0.4809685,0.0347015,0.5289709,0.2114937,0.6308388,0.000117,0.1843047,0.5709005,0.681928,0,0,0.7386001,0,0,0,0,0.0173556,0,0,0,0.2735577,0,0.4694223,0.0916955,0,0.6850927,0,0.125981,0.7177427,0.5331951,0.0001174,0,0.6890333,0.2269313,0.5028583,0,0,0.2366259,0,0,0.503747,0.3768936,0,0.6300291,0.0183413
"3157",0,0.5250463,0.005746,0.0006031,0.7336516,0.4065908,0.0500205,0,0,0.5103758,5.01e-05,0,0.6252469,0.5823732,0,0.0865777,0.6666337,0.2160217,0.6954428,0.1994251,0,0.0251893,0.3762595,0.549506,0.4576248,0.3265179,0,0,0.0750446,0.5655726,0.6619456,0.5975515,0.1821062,0.6776448,0.4674414,0,0.2312329,0.6239628,0,0.6029392,0.5881926,0.6746646,0.3448867,0.0279251,0.1252709,0.666623,0.3562592,0,0.5519811,0.0347376
"3159",0,0.6794903,0,0,0,0.498174,0.0500179,0.4717739,0.0908161,0.6613087,0,0,0.4943369,0,0,0.0460871,0.70057,0.233047,0.6245938,0.2402635,0.0171578,0,0,0.6009644,0.380312,0.3989453,0,0,0.091859,0,0.7444658,0.5905982,0.2009456,0.7489582,0.4193645,0,0,0,0,0.5132715,0,0.610475,0.363131,0.0294595,0.1354776,0.5954205,0.3627721,0,0,0.023036
"3161",0.701547,0.7226452,0.0172787,0,0.6797844,0.5047718,0.0267907,0.3844063,0.0514329,0,0,0,0.5803817,0.6575716,0,0.0507917,0.5677108,0,0,0.2286534,0,0,0,0,0,0.3108166,0,0.547553,0.099817,0.637716,0.7169094,0.6950471,0,0,0.4816692,0.0005346,0,0.5687953,0.4180432,0,0.5635034,0,0.369213,0,0,0.4891463,0.3242108,0.5161467,0,0.0426361
"3163",0.6803746,0,0.010228,0,0.6807492,0,0.0528055,0.3400281,0.2604066,0.5703472,0.0069254,0.1582976,0.4027125,0,0.2745719,0.0388745,0,0.753592,0,0,0.0549367,0.0199583,0,0.5681471,0,0.1317063,0.6318319,0.5631936,0.0295012,0.7151677,0,0,0,0.6922008,0.3668092,0.0005417,0.2935558,0,0.4284098,0,0.5033825,0.5880166,0,0,0,0.2182946,0.293175,0.706071,0,0.0211921
"3165",0.7109345,0.6308467,0.0078537,0.027438,0.5931098,0.3860623,0.0631575,0.3264523,0,0.4218299,0,0,0.3369251,0.7003305,0.2910046,0.0413625,0.6995637,0,0.6717945,0.0950434,0.0602237,0.0226617,0.4357782,0.663524,0.569786,0,0.6338372,0,0.0259668,0.5330033,0.602726,0.7092775,0,0,0.2706276,0,0,0,0.3198558,0,0,0.6825894,0,0,0,0,0.3129696,0.6459706,0.5245435,0.0299648
"3167",0.6438979,0.6183334,0.0088806,0,0.644394,0,0.063889,0.4043061,0,0.6605401,0,0,0,0.5181322,0,0.0394141,0.7588766,0.6724894,0.7031693,0,0,0.0565265,0,0,0.6247814,0.265576,0.5974556,0,0.0205034,0.5393363,0,0,0.1997148,0,0.3543358,0.0003313,0.3680994,0,0,0,0.5118556,0,0,0.3977328,0.3844864,0.0093458,0,0.5822642,0,0
"3169",0,0.6009149,0.0173193,0.0449517,0.5901273,0,0.0419589,0.5342978,0.158851,0.4764919,0.000903,0,0,0,0.3100279,0,0,0.6700669,0.5896908,0.1684997,0.0480944,0.012082,0.6634592,0,0.630841,0.1783212,0.7138559,0,0.0157376,0.6724008,0,0,0,0.7962208,0,0,0.427275,0.5200303,0.2711814,0.5273775,0.6059894,0,0,0.3373143,0,0,0,0,0.6355829,0.0250335
"3718",0.7084332,0.7562413,0,0.0524109,0,0.3411974,0.0789536,0.4924262,0.2091937,0,0,0.3120881,0.2589114,0,0.3885353,0,0.7119042,0.5962575,0,0.1283388,0.0273792,0.029826,0.5167503,0.6628148,0.5793215,0.1931698,0,0.4731976,0.0341773,0.7002691,0.7900364,0.6261999,0.1282041,0,0.462621,0.0005331,0.3673873,0.4844586,0,0,0.5976902,0.6155752,0,0.2873028,0.2945073,0,0.432606,0.5902653,0.5849954,0.0316491
"3720",0,0,0.0023363,0.0421447,0.7414785,0,0,0,0.4177209,0.1866069,0,0.2878001,0.3053587,0.5945758,0.4342521,0.0227862,0.5684203,0,0,0,0.0054874,0,0,0,0,0,0.5918779,0,0,0.6156432,0,0.6728195,0,0,0,0.0023517,0.1365453,0.5708716,0.3217173,0.4109491,0.5730723,0.5432016,0.0388035,0,0.3195037,0,0.2935357,0.7530717,0,0.017387
"3722",0,0.6998483,0.0113213,0.0087171,0,0.3618125,0.0128876,0.6856354,0.5591692,0,0.0048567,0.4938738,0,0.568341,0,0.0414487,0.7251708,0.679466,0.7115334,0.0634202,0,0.0706394,0.0083954,0,0.5538231,0,0.578739,0,0.0209526,0.556923,0.7330206,0.7696267,0.0489492,0.6944542,0,0.0001901,0,0.3376748,0.4552726,0.6130505,0,0.6736656,0.0146191,0,0,0,0.3022414,0,0.5373009,0.0112342
"3724",0.5606344,0.5924656,0,0,0.591081,0,0,0.6426165,0.5845153,0,0.0007056,0.337233,0,0,0.3230743,0.028339,0.7018834,0.5980175,0.6589061,0.1332678,0.0200271,0.0123229,0.0241982,0,0.5347179,0,0,0.5073202,0,0.5818381,0.6007046,0.6829279,0.0046742,0,0,0.0053742,0.1339366,0,0.4558089,0.5535117,0.5011432,0.7748131,0.0154062,0.3489134,0.3420496,0,0.1972693,0.6848053,0.5186915,0.0109899
"3726",0,0.6453538,0.0061164,0,0.7843283,0,0,0.5883191,0.5257615,0.1196749,6.3e-06,0.3160082,0,0.7372231,0.3257456,0.0540513,0.6154472,0.6268783,0.6619077,0.2418926,0.0055833,0.0149898,0,0.7418124,0.6417597,0.1961224,0.7320781,0,0,0.6740594,0.5605542,0.575526,0.0076791,0.5495561,0.2793015,8.2e-06,0,0.408192,0.5134378,0.4505685,0.48223,0.7439439,0,0.34789,0.4079931,0,0.3162958,0.6647461,0,0.0143869
"3728",0.6241545,0,0,0,0,0.3707579,0.0259264,0.5362778,0.650967,0.1373766,5.94e-05,0.3391967,0.4239807,0.5192517,0,0.0781652,0,0,0.5835203,0.2074317,0.0109667,0.0244951,0.0029301,0.4231854,0.569379,0,0.7277383,0,0,0.6177767,0.6446498,0,0.00839,0.6779112,0.2034527,0.019438,0.1372176,0,0.5111696,0,0.4012988,0.6002077,0.0221937,0.2550516,0,0,0.2750081,0,0.4995015,0.0222523
"3730",0.5528403,0,0,0.0018017,0.6987893,0,0,0.5386074,0.208219,0,0.0015139,0,0.3053435,0.640161,0,0.0298017,0,0,0.6561409,0.2594353,0.0445492,0.0284519,0,0.6133575,0.5964026,0.2685147,0,0,0.0122339,0.6713907,0,0.7190492,0,0.7829769,0,0,0.3936897,0.6578958,0.4187693,0.423275,0,0.6981927,0,0.3076093,0.2453754,0.0247808,0.3307282,0,0.5400628,0.0122796
"3732",0,0.5847682,0,0.0130348,0,0,0.0457922,0.5585877,0,0.5731257,0.0007103,0,0,0.7068317,0,0,0.5443837,0.7215548,0.6693141,0.1346167,0.0639879,0.021778,0,0.5972168,0,0.2073587,0.6574249,0,0.034706,0.6517475,0.6926598,0,0.113801,0,0,0.0031095,0.3588828,0.6001725,0.2792734,0.5343841,0.5620043,0.7620833,0.0521939,0.3087846,0.372322,0.0224225,0,0.6775098,0.6373476,0.017904
"3734",0,0,0.0132192,0.0306912,0.6128543,0.4700221,0.0603826,0.3860624,0,0.5857499,0,0.4019859,0.3444425,0,0.3157144,0.0357189,0,0,0.6534623,0.0935912,0,0.0150626,0.5947507,0.6789927,0.6563785,0.2379458,0,0.6114927,0.0345892,0.6741696,0.714986,0,0.2047838,0,0,0,0.5538537,0,0.3600212,0,0.6574446,0.6075981,0.0049283,0,0.3316658,0,0.321498,0.5779199,0.6695868,0.0084439
"3736",0.6160304,0.6774686,0.0125952,0.0171561,0.7737671,0.5810257,0.0603381,0.5026202,0.2147963,0.4829518,0.0006041,0.2524485,0.2751762,0.6158436,0,0,0,0.674678,0.597702,0.1156454,0.0688753,0.0145083,0.5874179,0,0.509662,0.2681807,0,0.522362,0.0028674,0.6094143,0,0.6605309,0.1968584,0.571114,0,0,0.3853266,0,0.275679,0.4463562,0,0.5274334,0,0.338075,0.3374564,0,0.2661795,0.5769682,0.6383572,0.0066088
"4600",0.7281332,0.6531267,0.0040326,0,0,0.3664717,0,0.4217472,0.239026,0,0,0.3569751,0.4519843,0.6952277,0.4048899,0.0228349,0,0.4802623,0,0.0777963,0,0,0.7110721,0.7024914,0.6508184,0,0.6255266,0,0,0,0.758302,0,0.1212065,0,0,0.0003654,0.3877081,0,0.3284855,0.5912175,0.5881614,0.6321379,0.0632683,0,0.3349413,0,0.3343137,0,0,0
"4602",0,0.7180271,0,0.0003731,0.4609427,0,0,0,0.2212929,0,5.2e-06,0,0,0.7634694,0.3572493,0.0083171,0,0.6676652,0.515639,0,0,0,0.625409,0.6975054,0,0.093815,0.6689828,0.521572,0.035837,0.6913736,0.7394886,0.7384136,0.2739139,0.6548191,0,0.001239,0,0.5847227,0.0365539,0.5016061,0.4833087,0,0.0103783,0.3745667,0.3710646,0.4750024,0.290931,0.6352785,0.5587092,0.000893
"4604",0,0,0,0,0.4816962,0.3421371,0.0350967,0.3531311,0.1672172,0.0633826,0.0009567,0,0,0.6770508,0,0,0.5858354,0.5650297,0.5736123,0,0.0103596,0.0311563,0.7122411,0,0.726419,0.0552505,0.6206817,0.5655041,0,0.6330752,0.6578497,0.7729693,0.3015034,0.5833412,0.268251,0.0003551,0.3283918,0.5331308,0.0141129,0.4314461,0.6384192,0,0,0.3291108,0.3184217,0.6138103,0,0,0,0
"4606",0.7246911,0,0.0014628,0.0047316,0,0.3591696,0.0967205,0,0,0,9e-07,0,0.3052327,0,0.3590469,0,0,0.7316113,0,0.1028619,0,0.2903304,0.6195274,0.5651166,0,0,0.4984751,0.6387216,0,0,0.6281846,0.576739,0.3070457,0,0,0.0032324,0.366705,0.4781013,0,0.518729,0,0.6125128,0.0149458,0.392564,0.3646915,0.5471065,0,0,0,0.0001189
"4608",0.6140596,0.631915,0.0009592,0.080464,0,0.3057526,0.0595568,0.4191521,0.1926317,0,5.3e-06,0,0,0.6115547,0.3012551,0.0009579,0.7404302,0,0.5455108,0.1239942,0.0151167,0.149899,0.6288116,0.5989733,0.6246661,0.0572157,0.7567335,0.5315902,0,0,0.7863527,0,0.1880653,0.6760576,0,0.0015361,0.3497257,0.4996447,0,0,0.6210798,0.6955081,0.0116144,0.4303814,0.2809728,0.6098723,0,0,0,0
"4610",0.5008672,0.6313687,0.0003989,0.0090531,0.5183938,0.3544257,0.0682064,0,0.1574471,0,0.0007398,0,0,0,0.3437678,0.0086684,0.5949183,0.7362234,0.6329206,0.1485457,0,0.0781519,0.6361252,0.6967624,0.6738341,0.0459114,0,0,0.0235334,0.6544814,0.6271603,0.6129506,0.262335,0.5712039,0.252024,0,0.4364518,0.4017983,0,0.5601655,0.6063679,0.6300346,0,0,0.4463179,0.7181269,0.3573444,0.6180735,0,0
"4612",0.5538293,0.6503337,0.0119456,0,0,0.4107019,0.0457274,0.4257181,0.1846701,0,0,0,0.3703307,0.7037055,0,0,0,0.5864728,0,0.0984829,0,0.0211343,0.6264877,0.669689,0,0,0,0,0,0,0.77125,0,0.2080082,0.6527722,0,0,0.3403319,0.4962472,0.2352207,0.5492876,0.6605488,0.6785669,0,0.3032654,0.3528073,0.0991,0,0.6668213,0.5651493,0
"4614",0,0.7239002,0,0,0,0,0.0916931,0,0.2180213,0,0,0.4461263,0,0.7251253,0,0,0,0.5732741,0.5617546,0.0786623,0.0613587,0,0.5862385,0,0.692222,0.1945117,0,0.5274124,0,0,0,0,0.1626129,0.7374304,0.3166193,0.0020736,0.4707109,0,0.2427214,0,0.6337667,0.6805579,0,0,0.3554385,0.0113976,0.4074641,0.740289,0,0
"4616",0.5809258,0.7295242,0.0152537,0.036127,0.7276725,0.3329127,0.0547096,0.5407307,0,0.5718632,4.66e-05,0.3671894,0.3370687,0,0.3250097,0.0365272,0,0.7285185,0.6658385,0.0708043,0.0773644,0,0,0.745973,0.5814328,0.2020486,0,0.4485986,0,0,0.6695161,0,0.1848379,0,0,0.0018693,0.3886327,0.6155465,0.1944213,0.4851003,0.6452164,0,0,0.2736865,0.3819691,0,0.3065379,0,0.6649523,0.0218192
"4618",0,0,0,0.042036,0.6448155,0.4250917,0.0731133,0,0,0.6554101,0,0.2011349,0,0,0.3010235,0,0,0.6641564,0.6500697,0.1103433,0.0555324,0.0282662,0.5386882,0,0.5223023,0,0.567135,0.5819665,0,0,0.5812388,0.6203288,0,0.6491846,0.1562563,0,0,0.5366868,0.2131572,0,0,0.654109,0.0123175,0,0,0.0166131,0.2813579,0.7361343,0.6828569,0.0333206
"6175",0.5850817,0.6560815,0.008845,0.0290501,0.5690066,0,0,0,0.2491788,0.4914567,0.0001327,0,0.2562409,0,0.4022814,0.0185665,0,0.6840387,0,0,0.0352212,0.0147057,0,0.597327,0.5766747,0.2599308,0.7114081,0.4880709,0.0519449,0,0.6437989,0.6036311,0.1311644,0.7499371,0.3585455,0.0006831,0.388018,0.5219426,0.2762811,0.4976633,0.6315564,0.676728,0,0.3186783,0.3100168,0.0341054,0.3258406,0.7420457,0.6041159,0.0261434
"6177",0.5997614,0,0.0005863,0.0573112,0.6592378,0.3935796,0,0.2393617,0.1922256,0.6368129,0.0013662,0,0,0.6974326,0,0.000216,0.594086,0.7110386,0,0,0.014388,0.0041342,0.511967,0,0,0.0175053,0.6855742,0.6285931,0.0134521,0.6600321,0,0.6659197,0.2692148,0.6803633,0.5527347,0.0002772,0.3420609,0.4882856,0,0.5982785,0.7175133,0,0.2576632,0.5869731,0,0.2590375,0.3592065,0.6768579,0,0.0221696
"6179",0,0,6.62e-05,0.0653622,0.5736235,0.4650338,0,0,0,0.5942823,1.33e-05,0.2343634,0,0.7968735,0.3163781,0,0,0.6048458,0,0,0,0.0641166,0,0,0.7169687,0.0225881,0.6422474,0.6022201,0.0370997,0,0.5619323,0,0.3381769,0.6636525,0.51541,0.0018426,0,0.5666044,0.3765984,0.4706969,0.565016,0,0.1973324,0.5171158,0,0.4374907,0.2989608,0.6096824,0,0.0377625
"6181",0,0.6686574,0,0.0460153,0.687817,0.4789946,0.0029878,0,0,0.7402055,2.38e-05,0,0,0.6930626,0.4344146,0,0.7621344,0,0,0,0,0.2502489,0,0.6892763,0,0.0351126,0.6876564,0,0.0170386,0,0.5743398,0,0.288043,0,0.4663481,0.0019274,0.2123922,0.5297048,0.3516566,0.6239402,0,0.6019697,0.2582512,0.5771553,0.0240446,0.5360087,0.3313869,0.6518693,0.5885381,0.0166979
"6183",0.6658992,0.6439079,0,0.0212968,0,0.4645392,0.0144624,0,0.237973,0.6912775,0,0.2626954,0.3806212,0.5801451,0.3345123,0.007758,0.6659002,0.6462524,0.6279941,0.0757834,0.0278586,0.2140954,0.6648588,0,0,0.0350872,0.6744039,0.6247492,0,0.5528648,0,0.6674411,0.2293751,0,0.5452309,0,0.2663105,0.630616,0.2927353,0.587907,0,0,0.2581295,0.5003196,0,0.4714453,0.2200436,0.6508236,0.443594,0.010276
"6185",0,0.6739743,0,0.0620607,0.6336555,0.4320501,0.0219099,0,0,0.8158771,5.2e-06,0,0.4661773,0.7517692,0.2922337,0,0.6615874,0,0,0.0659626,0.0110153,0.3483452,0.5628249,0,0.6344284,0,0.6708886,0,0.0146126,0.616667,0,0.6583621,0.3059942,0.6738167,0.5153077,0,0,0,0.3634825,0.5802178,0,0.5361432,0.2267177,0.5491225,0.0238868,0.4415704,0.3193868,0.6395197,0.6312116,0
"6187",0,0.6732865,0.0097564,0.0208168,0.7161396,0.3279319,0.0638976,0.5171327,0.3758514,0.5764496,0,0.5373312,0.3854293,0,0,0.0417111,0,0.5301306,0.6386075,0.0954421,0.0632051,0.0502158,0.7130494,0.5488281,0,0.1841736,0.6841232,0.4944105,0,0.7373892,0.6990668,0.6656606,0.2483705,0,0.4678656,0,0,0,0.3951037,0.6611386,0,0,0.0422029,0.3653363,0.267872,0.1983942,0.3139518,0.6744124,0.6665196,0
"6189",0,0.6889204,0.0145484,0.0181252,0.7644325,0.3881168,0,0.5717647,0.2208265,0,0.0002583,0.3705408,0.3621313,0.6897545,0.286984,0,0.7396201,0.6797119,0,0,0,0,0.5643179,0.5091159,0,0.2034365,0,0.6078649,0.0122248,0,0,0.683107,0,0.6722824,0,0,0,0,0,0.4987425,0,0.6196834,0.0528851,0.2803439,0.3988799,0.0441878,0.3774105,0.5263913,0.6678497,0.0116466
"6191",0.7561354,0,0.0149156,0,0.648321,0,0,0.4862189,0,0.5853984,6.11e-05,0,0,0.5925267,0,0,0.7498799,0.727599,0.7052441,0,0.0688166,0.0049125,0,0.607571,0.6073633,0.2207158,0,0,0.0153505,0.7265122,0.7060715,0.6628958,0,0,0,0.0063853,0.317818,0.6172087,0.2479732,0,0.6359281,0,0.0200218,0,0.2636365,0.025367,0.3368596,0.5374882,0,0
"6193",0,0,0,0.0580214,0.6814277,0.3352811,0,0.5238531,0.167083,0.6050051,0.001874,0.4471411,0,0.5600677,0,0.0221677,0.6769281,0,0,0.1163985,0.0678699,0,0,0.4435248,0.6514017,0.2661524,0.7167997,0,0.0103658,0,0,0.5859932,0.1607533,0.6619834,0.2580552,0.0082224,0.42297,0.6993504,0,0.4300916,0,0.6473711,0.0079605,0,0.3860722,0.0356459,0.3647439,0.7491791,0,0.0207258
"8716",0.6753119,0,0.0140336,0.0253314,0,0,0.0641784,0.5144518,0.280444,0.5744638,0.0002717,0.3277121,0,0.744051,0.4087283,0.0456216,0.7588444,0.7027623,0.6851764,0.1065076,0.0496464,0.0468215,0,0,0.6453842,0.2617139,0,0,0,0.5812513,0.6722962,0.5956493,0,0.7105777,0,0,0.4103653,0,0,0,0.6399031,0,0.0616574,0,0,0.0264682,0.2834821,0,0,0.0455196
"8718",0.6294652,0.6799254,0.0003057,0.0342661,0.1839669,0,0,0.4454801,0.1834993,0,0.000116,0.3328799,0.3985978,0.6372876,0,0,0,0.3053114,0.6502626,0,0.030988,0,0,0.6951261,0,0,0.5886935,0.5574056,0,0,0.6051045,0.8071105,0.2267736,0,0,0.003303,0.419144,0,0,0.5826073,0.5946514,0.6609936,0,0,0,0,0,0.1771633,0.6903121,0.0005726
"8720",0.6200679,0.6881951,0,0,0,0.4623811,0,0,0.2937108,0.7110327,0,0.4785126,0.445424,0.4849232,0,0,0,0,0,0.1007037,0.0047944,0.2075394,0.4222162,0.6749231,0,0,0.7200586,0.329029,0.0097487,0,0.7166252,0,0.1677498,0,0.2046004,0,0,0.2409871,0,0,0.6601417,0.6327936,0.0272226,0,0.0411608,0.1408578,0,0,0,0
"8722",0,0,2.73e-05,0.0096065,0.0692203,0,0,0.4126306,0,0.5960584,0,0.2582563,0.4185753,0.575413,0.2828221,0.008406,0,0.3110052,0.6134835,0.1453979,0,0.0241643,0.3187051,0,0,0.1903603,0.6651299,0.2717,0,0.5965039,0.5043448,0.6255025,0.2169329,0,0,0.0026588,0,0,0.3129785,0,0,0.7295315,0,0.2758767,0.037519,0.1321151,0.2471459,0.0441207,0.6578159,0
"8724",0.6096599,0.7007644,0,0,0.1377891,0,0.0386607,0,0,0.5721511,0.0003448,0.3613599,0,0,0,0,0.6896007,0,0.6703838,0.1041295,0,0.0164093,0.4724083,0,0.5770112,0.3660056,0,0.1763525,0,0,0,0,0.1877492,0.7049536,0.2291468,0.000696,0.4591289,0.2170659,0.3167104,0,0.6443242,0.6708932,0.0219089,0.3554974,0,0.1748139,0.2646077,0,0.5391206,0
"8726",0,0,0,0,0,0,0.008009,0,0,0.5288877,0,0.3869189,0.3518238,0.3644259,0.3677627,0.0070415,0.56695,0.2778139,0.6386453,0.1066353,0.004723,0.0178548,0,0.280866,0,0.2532946,0,0.1895403,0,0,0.5035247,0,0.2767539,0.6846861,0.3478609,0.0015682,0.4502396,0,0,0,0.5401586,0.5570439,0,0.3998917,0,0,0,0,0,0
"8728",0.76216,0.6500338,0.0143134,0.0083944,0.6483248,0,0,0,0.408112,0,0,0,0.3879086,0.6919926,0.3083746,0,0.6449056,0.6856647,0,0.1483953,0,0.0211357,0,0,0.6495773,0,0.6733879,0.4036059,0.0323233,0.5757186,0,0.6282452,0,0.6791033,0,0.0023328,0.3957534,0.5687544,0.3877526,0.4559281,0,0,0,0.2908807,0,0,0,0.4408175,0.7192161,0.0256631
"8730",0,0,0.0173466,0,0,0.3428558,0.0609406,0,0,0.4953563,1.3e-06,0.2130527,0,0.7177574,0.2816484,0,0,0.7130781,0,0.1683906,0.0267067,0,0.4283682,0.6596448,0,0.2149222,0,0,0.0292434,0,0,0.6608987,0,0,0.3015876,0.0001685,0.3898029,0,0,0.4511981,0.6859749,0,0,0.3055465,0.3151129,0,0.2122541,0,0,0
"8732",0,0.7220363,0,0,0.6576608,0.4598236,0.0453102,0.4076299,0.2143633,0.5111543,0,0.2574411,0.3924814,0.6828426,0.3629619,0.0334427,0.725082,0.6283701,0.7520027,0.0805257,0.0451951,0.0245643,0,0,0,0.2543877,0.7437728,0.5638567,0.0287646,0,0,0,0.1686864,0,0.2473455,0,0,0,0,0.4885292,0.6729685,0,0,0.3508491,0.3983219,0,0,0.7284662,0.4948924,0
"8734",0.7185553,0.7190338,0.0048527,0.0247261,0.5741314,0.4449916,0,0.586028,0,0,3.7e-05,0,0.3113797,0.6724511,0,0.0336252,0.7016272,0.6330648,0.5324624,0.098825,0.0542663,0.0159995,0.4883542,0.6175654,0.6985027,0,0.5850288,0.587481,0,0.5483892,0.6546127,0.6105105,0.1561805,0.599096,0,5.67e-05,0,0,0.3281577,0.6210614,0,0.7384852,0,0.2624875,0.3621812,0,0.3108997,0.6995243,0,0.0200346
"10522",0.6846095,0.7170075,0.0222367,0.0406397,0,0,0.0576824,0.4961761,0,0.4874681,6.63e-05,0.3883442,0,0.6342556,0.3924906,0,0,0,0,0.1253321,0.0590502,0.0094386,0.5974655,0,0.6346867,0.2316568,0,0,0,0,0.6983749,0,0.1408553,0,0,0.0012754,0,0.5443069,0.2592093,0.4727357,0.6586481,0.6924839,0.0668694,0,0.3543798,0,0,0.7120632,0.6841176,0.0167964
"10524",0,0,0.0051782,0,0.4652991,0.5461391,0.072276,0.5124914,0.1723931,0.6168662,0.0015828,0.42353,0.5701693,0.6081459,0.4339858,0.0366222,0.7255653,0.1838283,0.6543286,0,0.0424578,0,0.6642629,0.6228057,0.5882831,0,0,0.5744742,0,0,0.5981141,0.6483426,0.1017623,0.6262271,0.6025309,0.0004013,0.3753073,0.631985,0,0.5942781,0.7082077,0.6079879,0.039628,0.3690787,0.3040102,0.0269336,0,0.6523563,0.6428492,0.0271289
"10526",0.5882506,0.7273609,0,0,0.4906252,0.4576917,0.0622642,0,0.2392372,0.5941669,3e-07,0.3762927,0.6570308,0,0.2893318,0,0,0,0.5907484,0.1245591,0,0.0050297,0,0.6825482,0.6939609,0.2465986,0,0.6549881,0.0262536,0.7339222,0,0,0.0759629,0,0.4639654,0.003161,0.3700979,0.5936544,0,0,0.6895957,0.5611664,0,0.5153789,0.3450369,0.0093789,0,0.5371353,0,0
"10528",0.6105016,0.7448658,0.018505,0,0,0.5570867,0,0,0.1984303,0,0.0006176,0,0.8397859,0.7947898,0.3696149,0,0,0.192187,0,0.1424837,0.0346922,0,0,0,0.7944131,0.1889919,0,0.578361,0.019248,0,0.7555854,0,0.1262244,0.6578794,0.4956183,0.0013007,0,0.6605685,0,0.4760857,0,0,0,0.3876365,0.3053532,0.0360123,0.2690799,0,0.6141124,0.0406594
"10530",0,0.5685722,0.0081772,0.0002363,0,0.6702015,0.0414368,0.4380995,0.0998228,0.6514588,0.0002936,0.3497548,0.7024266,0.7236984,0.34262,0,0,0,0.6243404,0,0.056657,0.0208555,0.6042032,0.5144327,0.7422648,0.1765366,0.72775,0.5570975,0.0353763,0.7044284,0.6719081,0.8221221,0.1837659,0.6618541,0.5527497,0,0.3996846,0.6011338,0.3290892,0,0.6319594,0,0.0231408,0.5313038,0.4102696,0,0.3401829,0.5696757,0,0
"10532",0,0.6970839,0.0186265,0,0.5346551,0.5094516,0.0381521,0.6107856,0,0,0.0002327,0.2726037,0.7361242,0,0,0.1062716,0.7175496,0.1342483,0.6973398,0.1583695,0.0460522,0.0396015,0.6685694,0.5887027,0.6230216,0.2255811,0.6663344,0.4887664,0.0052562,0,0,0.6136077,0.1253579,0.6912038,0,0.0003633,0.3575332,0.6039943,0.2489872,0.4300811,0.6431475,0.7621348,0,0.4069104,0.280797,0.0139593,0.2826728,0.6997869,0.6879885,0
"10534",0,0,0.0138698,0.0250657,0,0.414475,0,0.5287937,0.2816926,0.5389243,0,0.1735866,0.3880648,0.6044811,0.3712665,0.0295665,0,0,0.6910057,0.181975,0.0598201,0.0188559,0,0.5526167,0,0.2207645,0.7220962,0.5542498,0.0896834,0.4403882,0.5664364,0.6342453,0.1251569,0,0,0.0011006,0.440891,0,0,0.512584,0.6539373,0.6298834,0.035854,0.4225238,0.4882808,0,0.3062725,0.6470099,0.6387241,0.0107888
"10536",0.6490842,0,0.0059721,0,0,0,0.1083333,0.4848824,0.283463,0.6810459,0,0,0.3346811,0,0.3278458,0.0508021,0.6861932,0.6234286,0.6070898,0,0,0,0.611541,0,0.7323248,0.1822774,0.5711684,0.6540272,0,0.6153078,0.6820963,0.7471063,0.1422275,0.7045101,0.348351,0.0001753,0.3833556,0.4600096,0,0,0.6380521,0.6019573,0,0,0.3668062,0.0086937,0.2403196,0.6690719,0.6998315,0.0484165
"10538",0.742598,0.6973325,0.022839,0.0323308,0,0.4081428,0.0524736,0.5189179,0.0811747,0,0,0.2511459,0.3307276,0.6159109,0.3228672,0.0325126,0.7442246,0,0,0.1221257,0.1067992,0.026179,0.5984025,0,0.706462,0,0.5492809,0.5535521,0.0276774,0.5370463,0.6984292,0.6169207,0.1549656,0,0.2988684,0.0001604,0.341322,0.5345098,0.335737,0.4587806,0,0.5896015,0.0075698,0.3312913,0,0,0,0.7663138,0.618629,0
"10540",0.6921621,0.6385123,0,0,0,0,0,0.4860309,0.2243703,0.667529,0.0006666,0.3175855,0,0.8230233,0.3195586,0.0375418,0.703345,0,0.7205765,0,0,0,0.5550683,0.6899926,0,0.1898232,0.5926833,0.603509,0.0223599,0,0.5688734,0.6813713,0.1348182,0.6385473,0.3089144,0.0020751,0.329151,0.4784166,0,0.5533498,0.6436002,0.5966846,0.0150647,0.3161806,0,0.0116901,0,0,0.6561189,0
"11215",0.8504545,0.6940367,0.0117966,0.0489278,0,0,0,0.5362666,0.2797075,0.5534579,0.0003127,0.3667332,0.2563752,0.5476439,0.4551854,0,0.6885851,0.6113027,0.5296407,0.1319709,0,0.0078752,0.6221721,0.6582475,0.6781047,0.2296719,0.6846786,0,0.0254841,0.6098338,0.7230411,0.648013,0.137134,0.7130867,0.416261,0,0.35744,0.631742,0,0.5356814,0.716754,0.6960963,0.0634491,0,0,0,0,0,0.694593,0
"11217",0.6901716,0.621373,0.0050447,0.0778458,0,0.3664014,0.0656807,0.4369143,0.0246954,0.4747637,0,0.1696658,0.4044632,0,0.3036637,0,0,0,0.6639638,0,0.0699191,0,0.6577,0,0.7193569,0,0,0.6026694,1.8e-06,0,0.6624556,0,0.221995,0.5791513,0.2894227,0.0001231,0,0.5160828,0,0.5868327,0.4938341,0.5952716,0.0211023,0.3543559,0,0,0.3269057,0,0.6490869,0
"11219",0.6180219,0.6990163,0,0.0448037,0,0.4189612,0.1299796,0.3075966,0.0120248,0.4527171,0.0033275,0,0,0.4694033,0.4260419,0.1229141,0,0.6422973,0.5712207,0,0.0912634,0.0005093,0,0,0.6896052,0,0.8455018,0.5843019,0.0017365,0.5288224,0.5573681,0,0.2760242,0,0.2978744,0.000561,0,0.420329,0.0188472,0.594634,0,0,0,0.2842236,0,0.014286,0.2970349,0,0.6490395,0.0014165
"11221",0,0,0,0.0899796,0,0.6027296,0,0.1610967,0.0339803,0.4915086,0.0010636,0,0.4006855,0,0,0.4075274,0.0422084,0.6554794,0,0.2561972,0.0511497,0,0.2225552,0.5644985,0,0.0041744,0.6880759,0,0.0051422,0.6894364,0,0,0.2528043,0,0.2562658,0.0006544,0.4420238,0.3433025,0.0813659,0.5660363,0,0,0,0.3963173,0.2043875,0,0,0,0.6550372,0
"11223",0,0.5539568,0,0.0583015,0,0.56798,0.0395293,0,0,0.5087552,0.0614501,0,0.345036,0.734766,0.4968611,0.3130007,0.0616105,0.6543632,0,0.2634135,0.031476,0,0.123021,0.6995959,0,0,0.6537175,0,0,0,0,0.6798445,0.1750594,0,0,9.63e-05,0.4345136,0.2644687,0.0580203,0.5287132,0,0.6561348,0,0.2656214,0,0,0,0.7022705,0,0.0029793
"11225",0,0,5.66e-05,0.0632196,0,0.6051026,0.0711309,0.023329,0.0135599,0.453713,0.3389786,3.91e-05,0.3851899,0,0.7002252,0.4112228,0,0.5028201,0,0.3294876,0.1005721,0,0,0.5242834,0,0,0.6666316,0.5955438,0,0.7177359,0,0.7910116,0,0.1919153,0,0,0.4654465,0,0,0.5671234,0.4912994,0,0,0,0.1218905,0,0,0.6431005,0,0
"11227",0.5039223,0.7312612,0.017568,0.0601133,0.7400163,0.4660492,0.0755662,0,0,0.598904,0.0236533,0,0,0.7939992,0.7265958,0.075185,0,0.6753131,0,0.4516122,0.0540546,0.029561,0.0479534,0,0.5760647,0.229186,0,0.5263492,0.0427505,0,0,0,0,0,0,0.0002286,0.4284755,0,0.2832272,0.4981628,0,0.6309347,0,0.3045178,0.4005501,0.0106035,0,0.6824399,0.6317627,0.0209032
"11229",0.7599217,0.722804,0,0,0.6618023,0.3673765,0.0493808,0,0.1889406,0.5301587,0.0009618,0,0.4207686,0.6321186,0.5258211,0.045458,0.7077732,0,0.6513096,0.2556142,0,0,0.311892,0,0,0.237992,0.6517961,0,0.021291,0.823819,0.6425289,0.5170685,0,0,0,0.0008847,0,0.5684212,0.1827924,0,0.4926402,0,0,0.3196066,0.3326836,0.032775,0,0.7085586,0.4222143,0.0436762
"11231",0.7523391,0.7008659,0.0228832,0.0527673,0.6533804,0.4593081,0,0.531529,0.1044655,0.6058698,0,0.3033855,0.3958726,0.6315377,0.3207029,0.0363136,0,0.7563039,0.6448542,0,0.0274363,0,0.669244,0.6869357,0.6733048,0.1631017,0,0.6114026,0,0.6797706,0.7179207,0.6475455,0.1519168,0,0,0,0.4236125,0.563315,0.2381994,0.7049162,0,0.7153982,0,0,0,0.0121295,0.2809297,0.4632885,0.6224758,0.0210584
"11233",0.6460362,0,0.0146905,0,0.5854073,0,0.0625223,0.5311183,0.1103217,0,0.0023916,0,0.3813905,0,0.4487535,0.0440703,0.5958191,0.727393,0.6897355,0,0.0497675,0.0154173,0.5174868,0,0.6585531,0.1873494,0.620637,0,0,0.6911977,0.6063267,0,0,0,0.1921768,0.0031165,0,0,0,0.5943371,0,0.6540779,0,0,0.3543275,0.0253632,0.3168816,0.5686592,0.6270772,0.0099294
"14407",0.7408071,0.6693811,0.0152172,0.0246025,0,0,0,0.5134117,0,0.5525562,0,0.3368146,0.2235014,0.5725265,0.3603785,0.0233656,0,0.7134372,0.5586227,0,0.0518764,0,0.5330574,0.6400657,0.6283097,0.2653151,0.7525523,0,0,0,0.7423453,0.6464613,0,0,0.4644538,0.0005688,0.4641776,0,0.3500289,0,0,0.6078514,0,0.3584471,0.3221647,0.0328461,0.3335101,0.7265163,0.6522173,0
"14409",0.7170758,0,0.0039264,0.0086362,0.5799908,0.3974089,0.0417423,0,0.1365035,0,0,0.4793926,0,0,0.4057147,0,0,0.8156954,0.6276979,0.0890813,0.0390701,0.0067056,0.6233778,0.6925719,0.5796741,0,0.6185734,0.5366247,0.2068916,0.6478269,0.5961069,0,0.1640729,0.268106,0.5733764,4.6e-05,0.24057,0.6024311,0,0.5553724,0,0.6186458,0.1923188,0.5934334,0,0.4562528,0.2628845,0.3427175,0,0.0296146
"14411",0.6002439,0,0,0,0,0.3329988,0.0164573,0.3073288,0.2119322,0.5571754,0,0.4836189,0.3417796,0,0.2430537,0,0,0.6299455,0.6039985,0.1067661,0,0,0.552689,0.6170426,0.5569506,0,0.545359,0.5728913,0.2294744,0,0.6171937,0.6834376,0.2332386,0,0.6725877,7.42e-05,0.3079091,0.6051086,0.2847514,0.5485108,0.4220922,0,0.1851578,0.5572088,0.3272371,0.5882824,0.2700688,0,0,0
"14413",0.5336343,0.6507793,0,0.0058549,0.6154454,0,0,0.3445292,0.2034645,0,0,0.3287154,0.3356812,0,0,0.0067153,0.5830843,0.7664977,0.6834869,0.0807031,0.0857437,0.021155,0.6776698,0.7926834,0.6877681,0.0002325,0,0.4590926,0.2121206,0.6411107,0.7240521,0.5697257,0.2940762,0.3279097,0.6482547,0.0001047,0.361798,0.7398881,0.279969,0,0,0,0.2352537,0.5854957,0.2757793,0.5908831,0,0.2157495,0.7624518,0.0233737
"14415",0.5723192,0.6751925,0,0,0,0.3030735,0.0519785,0.4417697,0,0,0,0.4098494,0.2940688,0.8344965,0.293842,0,0.7134982,0,0.7782374,0,0.0908978,0.0293011,0.6170319,0.6673203,0.7094434,0.0007445,0,0,0.2685581,0.6790143,0,0,0.3732136,0.0549134,0.5049551,0,0.3636645,0.6745544,0.328315,0.6687153,0,0.6386641,0.2203216,0.4469889,0.2880979,0.5319539,0.2948012,0,0,0.009391
"14417",0.6024157,0,0.00113,0.0172796,0,0,0.0559005,0,0.1318771,0,1.3e-06,0.5811546,0.3000624,0,0.2971795,0.0364759,0,0.6302699,0,0,0,0,0.6259951,0.5936217,0.6359221,0,0.5746124,0,0.2729067,0.8199445,0.6507615,0.6934298,0.3331927,0,0.6288036,0,0.3996653,0.6276786,0,0,0.3465488,0.741736,0.1730418,0.5819159,0.3928322,0.4597877,0.3322478,0,0,0.0206599
"14419",0.5553786,0.683596,0,0.087236,0.7071611,0,0.0616025,0.3201678,0,0.5291753,0,0,0.4197916,0.5451125,0.2827062,0.0573498,0.5185059,0.7397795,0,0,0.0700536,0.0078567,0.6319259,0.737206,0,0.0422047,0.5813079,0.4682756,0,0.5948818,0,0.6212044,0.4140714,0,0.5559974,0.0035504,0,0,0.2742005,0.6645764,0,0,0.0215297,0,0.3810177,0.276006,0.3867452,0,0.7732447,0.0195887
"14421",0.7371167,0,0,0.0389172,0.702918,0.5084212,0,0.4681753,0,0.5791382,0.0005302,0,0.3265451,0.5870999,0,0.0357803,0,0.6952782,0,0.1500743,0,0,0.4716469,0.7215591,0.7268165,0.1879357,0,0.5650525,0.0170422,0,0.6444419,0,0.2979424,0,0,0.0013179,0.3148736,0.5753318,0.2748077,0.619827,0.4791869,0,0.0136858,0,0,0,0,0.5980048,0.6490223,0.019562
"14423",0.6080414,0,0.0168457,0.0412263,0.7111334,0,0,0.4856121,0.3330753,0.561134,0.0009477,0.3250953,0.3648173,0.5815886,0.2991046,0.0319978,0.6762287,0,0.6446842,0.0966316,0.0705871,0,0.6332586,0,0.716081,0,0,0.6358528,0,0,0,0.5836158,0,0.702468,0.3909747,0,0,0,0.3666493,0,0.7660129,0,0.0243489,0.4001968,0.3461663,0.0361486,0,0.6193886,0.5804674,0.0111032
"14425",0.7015059,0.5778827,0.0225013,0.0564256,0.6632301,0.3713289,0.0650583,0,0,0.4471259,4.72e-05,0.2575863,0.312499,0.6598648,0,0,0.6261428,0,0,0.1093344,0.0931381,0,0.543922,0,0.6849301,0,0,0,0.026545,0,0.6456896,0.5939709,0,0,0,0,0.3868887,0.4839966,0.3128569,0,0.5320243,0,0.0264005,0.3175578,0.3249295,0,0.1983659,0.5777891,0.598615,0.0152397
"14890",0.7060935,0.6445775,0.0115976,0.0468203,0,0,0,0,0.2463159,0.5965964,0,0.3285743,0.2801496,0.6542882,0,0,0,0.720765,0,0.0883498,0,0,0,0.6727246,0.6671525,0.2482781,0.8160821,0,0,0.6229656,0.754213,0.7510184,0.1040221,0,0.4644238,0,0,0.6036315,0.2624156,0,0.6587733,0.6939241,0.0366792,0,0.3941922,0,0.350857,0.6499634,0.6235802,0.0475593
"14892",0.6904266,0.509527,0.013444,0.064185,0,0,0.0334715,0,0,0.4793405,0.0002608,0.0341073,0.3145975,0.7012103,0.5305347,0.0255244,0.6501596,0.6222963,0.6509328,0.0974403,0.0797036,0.0006206,0.5025146,0.7023641,0.736259,0.2744695,0.7372296,0.5745647,0.0221513,0.5726506,0,0.6497988,0,0.6804023,0.4250261,0,0,0,0.2621024,0,0,0.7312592,0.2832093,0,0.4562543,0.4419649,0,0,0,0.0001503
"14894",0.6546262,0.734098,0.0087793,0.0681073,0,0,0.061232,0.3976686,0.0586333,0.3732413,0.0015208,0,0,0.6450351,0.6093577,0.0723432,0,0.6636672,0.6069964,0,0,0.0008957,0.7002542,0,0.610087,0.2397363,0.6654007,0.4799564,0,0.6568411,0,0,0.1304092,0.6498541,0,0.0012243,0,0,0.2945283,0,0.6525907,0.6618894,0.2321731,0.2601156,0,0.4706244,0,0,0,0.0014543
"14896",0.7277667,0,0,0.0748549,0.5556539,0.4682218,0.0596497,0,0.0380562,0.4932795,2.91e-05,0,0.394281,0.7341176,0.5068286,0,0.6350206,0.7729334,0.6547679,0,0.0823585,0,0,0.6720305,0,0.2832548,0,0,0,0.7714395,0,0.6477596,0.1119339,0.6474234,0.4694502,0.0006463,0.1300162,0.4530292,0.3554961,0,0.6499105,0.7190429,0.1699295,0,0.4376825,0.5501846,0,0,0.6795407,0.0048087
"14898",0.7596577,0.5367694,0,0.0625305,0.5905608,0.4086856,0.0854606,0,0,0,0,0,0,0.6752713,0.6390049,0.0265309,0,0.6693642,0,0,0.062797,9e-05,0.6061195,0.6723888,0.5518093,0.2003249,0.6073805,0.4310382,0,0.6520524,0.5004782,0.6757498,0.1141297,0.6050629,0.4887522,0,0.0980352,0.3016638,0.4559513,0.4034159,0.6619109,0,0.2814653,0.2706011,0.3622948,0.5114961,0.2468352,0.1887475,0,0.0059796
"14900",0.7735634,0.6076231,0,0.1014291,0,0.4727351,0.0604832,0,0,0.5030094,0,0.0670086,0,0,0.6164891,0.0562816,0.7238659,0,0.6613702,0.022313,0.0443058,1.7e-06,0.6375657,0.6983705,0.5697788,0.2295794,0,0.3973012,0,0.6598786,0.5583258,0.6200232,0,0.7121603,0.5273079,0,0,0.3360164,0.4796505,0.4969491,0,0.667705,0.200039,0.3847919,0.3130847,0.6249395,0,0,0.6399027,0.0040201
"14902",0.7554577,0.6831476,0.0145396,0.0986672,0.5732957,0.4228777,0,0.4032398,0,0.5931144,0.0006024,0.3551143,0.3033422,0,0.2884371,0.0383276,0,0.6712088,0.5278459,0,0.0433492,0.0127196,0.5249589,0.630126,0.552987,0.2150555,0.5531993,0.6181969,0,0.6329749,0,0.7497983,0.1530639,0.6235773,0,5.59e-05,0,0,0.3917606,0.4790771,0.6271724,0.6429399,0.0253516,0.363392,0,0.1731121,0,0,0.6475614,0.0494436
"14904",0.5465624,0,0.0151073,0.0457159,0,0.4120437,0.0345776,0,0.2413912,0.4868675,0,0.3852077,0,0,0.3693694,0.0189639,0.6860242,0.6641798,0,0,0,0.0103594,0.4918691,0,0,0.2393685,0.7206838,0.617119,0,0,0,0.5182497,0,0,0,0.0004752,0.4072375,0,0,0,0.7263299,0.6403247,0.0156121,0,0.3477975,0.0378221,0.3109565,0.6706599,0.563049,0
"14906",0,0.6204474,0.0350041,0.0570577,0,0,0.0532491,0.4799211,0.1754881,0,0,0,0.3190873,0.7527204,0.3443703,0.0444446,0.6553095,0,0,0.1259649,0,0.0072279,0,0.7313736,0.5295838,0.1884818,0.6030214,0.5438809,0.0143892,0,0.5916191,0,0,0,0.3538389,0.0011787,0.4435822,0.5624861,0.3437961,0,0.6293492,0.5512943,0.0090473,0.3730989,0.3789189,0,0.3153314,0.5958733,0,0
"14908",0,0.6813853,0,0,0,0.4080204,0.058297,0,0.1514723,0,0.0055319,0,0,0,0,0.0285048,0.6188789,0.6431445,0,0.06774,0.0558076,0.0049955,0.5231323,0.6672285,0.7431932,0.2171587,0.671485,0.5039049,0,0,0.5104648,0.6214163,0,0.5221255,0,0.0012881,0.4121204,0.4228854,0,0.5531238,0,0,0,0.3001822,0.3812946,0.0121061,0.2901277,0,0.6458185,0.0303676
"16003",0,0,0.0184237,0.0293613,0,0,0,0,0.1972681,0.5234946,0,0.3919008,0,0,0,0.0247632,0,0,0.6243201,0.1452835,0.0645734,0,0,0.6829568,0.6187005,0.1785253,0.6735985,0.5704363,0.0334346,0,0.686017,0,0,0.6492436,0.4706079,0,0.36795,0,0,0.523871,0.619056,0,0,0.3383338,0.3747101,0,0.3156963,0.7440956,0,0
"16005",0.6047096,0,0.00817,0.0260924,0,0.5112267,0.0592082,0.7062672,0.2717298,0.1809914,0.0013511,0.0119859,0,0,0.3994218,0.0553885,0.7328344,0,0.6496252,0,0,0,0,0.702377,0.5862174,0.1525378,0.669154,0.542297,0.025623,0,0.6709345,0.6919776,0,0.6391907,0.6177438,0,0.3023703,0,0,0.5149533,0.5836552,0.6604371,0.1871148,0,0,0.1400164,0.3835881,0.7362554,0.6192351,0.0012716
"16007",0.7222016,0.6083471,0.0328913,0.0253751,0.6125586,0.5059616,0,0.470095,0,0,0.0020731,0.0143008,0,0.6526722,0,0.0362577,0,0.6370929,0.679627,0.005768,0.0450681,0,0.4423103,0,0.6813446,0,0.7004857,0.6048216,0.0200715,0.6242371,0.6423018,0,0,0,0.5599619,0,0,0,0,0.5969644,0.7041917,0.6575237,0.2248893,0,0.3032483,0.3441237,0.2617308,0.7783339,0.655627,0
"16009",0.7231152,0.6796028,0.0018116,0,0.6527709,0.5793438,0,0.3554536,0.1316162,0,0.0589509,0.0067426,0,0.7137497,0.5809798,0,0.5040997,0.6680067,0,0,0.0636786,6.05e-05,0.7437133,0,0.6213597,0,0.6731522,0.5384017,0,0.5973471,0.6356319,0,0,0,0.5155058,0,0,0,0.0382861,0.5236061,0,0.6338297,0.1711634,0,0.2645896,0.3680672,0.3055362,0.627776,0.6208183,0
"16011",0.6886928,0,0.0136541,0.0514083,0.6792206,0.5580493,0.0636664,0,0.1878357,0.129022,0.0083425,0,0,0.6186132,0.6739069,0.0203921,0,0.6148771,0,0.0167799,0.0429564,0.0039088,0.541315,0,0,0.1921392,0,0.6078649,0,0,0,0.6562664,0.1363097,0.6101115,0.5822096,0.0008303,0.2615463,0,0,0.486652,0.690087,0.6414621,0.1723304,0,0.3734727,0.3303858,0,0,0.5163808,0
"16013",0.6941377,0.6160132,0.0015792,0.0458685,0,0.5464433,0.0555995,0.4362274,0,0.0914205,0.0027159,0,0.3297887,0,0.6145347,0.0408875,0,0.6671207,0,0.0034975,0.0908041,0,0.5241473,0.5957037,0.6398215,0.1802794,0,0,0,0.4364228,0.5339058,0.6434292,0,0,0.7360602,0.0009487,0,0.3579823,0.0152513,0.6302916,0.6351422,0.6312186,0.1157448,0,0.3609633,0.3560098,0,0,0,0.0004368
"16015",0,0.656734,0.0047048,0.0460397,0.5175688,0.4798795,0.0559118,0.4448034,0.3322005,0,0,0.27446,0,0,0.2833513,0.0628,0.7446431,0.5844399,0,0,0,0.0306947,0.4043284,0.6941665,0.7328501,0,0.6530922,0.6493377,0.0212847,0,0,0.530707,0,0.5529925,0,0.0002784,0,0,0.2550941,0,0,0.6728685,0,0,0.3970997,0,0.2401172,0.5809963,0.5896858,0.011263
"16017",0.6868895,0.5446231,0,0,0,0.4610744,0,0,0.2309862,0,0.0001127,0.2586858,0.3948065,0,0,0.0520342,0.5892314,0.6576892,0.5646416,0.1327177,0.1022083,0.006156,0.6360934,0,0.7020467,0.2369685,0.7109778,0,0,0.6669517,0.5322033,0,0.1522016,0.6569596,0.3570454,0,0.444827,0.5316405,0.3629409,0.486834,0.69669,0,0.0119208,0,0.3123017,0,0.3115133,0.672012,0.6412963,0
"16019",0.678584,0,0.024231,0.089154,0,0.3966569,0.0590261,0.5395022,0.2568306,0.6353121,2.72e-05,0.1951355,0,0.6881406,0.3014556,0.0260579,0.7198801,0.6508446,0.6975744,0.1206023,0.082422,0,0,0.5330356,0,0.2247373,0.6773613,0,0.0200954,0.5918246,0.6992534,0.6292783,0,0.6583325,0,0,0,0,0.2861431,0.4623821,0.591583,0.6470335,0.0186938,0.3261419,0.4505752,0,0.3088637,0,0.6462525,0.0092378
"16021",0,0.6930527,0.0029484,0,0.7023488,0,0,0,0.1708749,0.6464972,0.0007109,0.3068609,0,0,0,0.0560544,0.6679392,0.7085352,0,0.1285255,0,0.003891,0.5795629,0,0,0,0.663917,0.4721781,0.0046584,0.6363679,0.640024,0.6898506,0.1496525,0.7891957,0,0.0027635,0.3765263,0.6114349,0,0.432254,0,0.740276,0,0.3307555,0.3251615,0,0,0,0.6960508,0.0131614
